(kicad_pcb (version 20171130) (host pcbnew 5.0.0-rc2-unknown)

  (general
    (thickness 1.6)
    (drawings 1)
    (tracks 206)
    (zones 0)
    (modules 39)
    (nets 35)
  )

  (page A4)
  (layers
    (0 F.Cu signal)
    (31 B.Cu signal)
    (32 B.Adhes user hide)
    (33 F.Adhes user hide)
    (34 B.Paste user hide)
    (35 F.Paste user hide)
    (36 B.SilkS user hide)
    (37 F.SilkS user hide)
    (38 B.Mask user hide)
    (39 F.Mask user hide)
    (40 Dwgs.User user hide)
    (41 Cmts.User user hide)
    (42 Eco1.User user hide)
    (43 Eco2.User user hide)
    (44 Edge.Cuts user)
    (45 Margin user hide)
    (46 B.CrtYd user)
    (47 F.CrtYd user)
    (48 B.Fab user hide)
    (49 F.Fab user hide)
  )

  (setup
    (last_trace_width 0.25)
    (trace_clearance 0.2)
    (zone_clearance 0.508)
    (zone_45_only no)
    (trace_min 0.2)
    (segment_width 0.2)
    (edge_width 0.15)
    (via_size 0.8)
    (via_drill 0.4)
    (via_min_size 0.4)
    (via_min_drill 0.3)
    (uvia_size 0.3)
    (uvia_drill 0.1)
    (uvias_allowed no)
    (uvia_min_size 0.2)
    (uvia_min_drill 0.1)
    (pcb_text_width 0.3)
    (pcb_text_size 1.5 1.5)
    (mod_edge_width 0.15)
    (mod_text_size 1 1)
    (mod_text_width 0.15)
    (pad_size 1.524 1.524)
    (pad_drill 0.762)
    (pad_to_mask_clearance 0.2)
    (aux_axis_origin 0 0)
    (visible_elements FFFFFF7F)
    (pcbplotparams
      (layerselection 0x010fc_ffffffff)
      (usegerberextensions false)
      (usegerberattributes false)
      (usegerberadvancedattributes false)
      (creategerberjobfile false)
      (excludeedgelayer true)
      (linewidth 0.100000)
      (plotframeref false)
      (viasonmask false)
      (mode 1)
      (useauxorigin false)
      (hpglpennumber 1)
      (hpglpenspeed 20)
      (hpglpendiameter 15.000000)
      (psnegative false)
      (psa4output false)
      (plotreference true)
      (plotvalue true)
      (plotinvisibletext false)
      (padsonsilk false)
      (subtractmaskfromsilk false)
      (outputformat 1)
      (mirror false)
      (drillshape 1)
      (scaleselection 1)
      (outputdirectory ""))
  )

  (net 0 "")
  (net 1 /SWDIO)
  (net 2 "Net-(TP101-Pad1)")
  (net 3 /SWCLK)
  (net 4 /ISENSE)
  (net 5 GND)
  (net 6 "Net-(R105-Pad1)")
  (net 7 /SETPOINT)
  (net 8 "Net-(R104-Pad1)")
  (net 9 "Net-(C108-Pad2)")
  (net 10 "Net-(R103-Pad1)")
  (net 11 "Net-(R102-Pad2)")
  (net 12 "Net-(D101-Pad2)")
  (net 13 /VIN)
  (net 14 "Net-(C104-Pad1)")
  (net 15 +3V3)
  (net 16 "Net-(U101-Pad2)")
  (net 17 "Net-(U101-Pad3)")
  (net 18 /EN)
  (net 19 /BTN)
  (net 20 "Net-(U101-Pad11)")
  (net 21 "Net-(U101-Pad12)")
  (net 22 "Net-(U101-Pad13)")
  (net 23 "Net-(U101-Pad14)")
  (net 24 "Net-(U101-Pad17)")
  (net 25 "Net-(C107-Pad1)")
  (net 26 "Net-(C109-Pad2)")
  (net 27 "Net-(U103-Pad14)")
  (net 28 "Net-(R109-Pad1)")
  (net 29 "Net-(R109-Pad2)")
  (net 30 /LED_P)
  (net 31 /SW)
  (net 32 "Net-(J106-Pad1)")
  (net 33 /LED1)
  (net 34 /LED2)

  (net_class Default "This is the default net class."
    (clearance 0.2)
    (trace_width 0.25)
    (via_dia 0.8)
    (via_drill 0.4)
    (uvia_dia 0.3)
    (uvia_drill 0.1)
    (add_net +3V3)
    (add_net /BTN)
    (add_net /EN)
    (add_net /LED1)
    (add_net /LED2)
    (add_net /SETPOINT)
    (add_net /SWCLK)
    (add_net /SWDIO)
    (add_net "Net-(C104-Pad1)")
    (add_net "Net-(C107-Pad1)")
    (add_net "Net-(C108-Pad2)")
    (add_net "Net-(C109-Pad2)")
    (add_net "Net-(D101-Pad2)")
    (add_net "Net-(J106-Pad1)")
    (add_net "Net-(R102-Pad2)")
    (add_net "Net-(R103-Pad1)")
    (add_net "Net-(R104-Pad1)")
    (add_net "Net-(R105-Pad1)")
    (add_net "Net-(R109-Pad1)")
    (add_net "Net-(R109-Pad2)")
    (add_net "Net-(TP101-Pad1)")
    (add_net "Net-(U101-Pad11)")
    (add_net "Net-(U101-Pad12)")
    (add_net "Net-(U101-Pad13)")
    (add_net "Net-(U101-Pad14)")
    (add_net "Net-(U101-Pad17)")
    (add_net "Net-(U101-Pad2)")
    (add_net "Net-(U101-Pad3)")
    (add_net "Net-(U103-Pad14)")
  )

  (net_class Power ""
    (clearance 0.2)
    (trace_width 0.5)
    (via_dia 0.8)
    (via_drill 0.4)
    (uvia_dia 0.3)
    (uvia_drill 0.1)
    (add_net /ISENSE)
    (add_net /LED_P)
    (add_net /SW)
    (add_net /VIN)
    (add_net GND)
  )

  (module Connector_Wire:SolderWirePad_1x01_Drill1mm (layer F.Cu) (tedit 5AEE5EBE) (tstamp 5B44AC5C)
    (at 145 88.5)
    (descr "Wire solder connection")
    (tags connector)
    (path /5B3CEA94)
    (attr virtual)
    (fp_text reference J106 (at 0 -3.81) (layer F.SilkS)
      (effects (font (size 1 1) (thickness 0.15)))
    )
    (fp_text value Conn_01x01_Female (at 0 3.175) (layer F.Fab)
      (effects (font (size 1 1) (thickness 0.15)))
    )
    (fp_line (start 1.75 1.75) (end -1.75 1.75) (layer F.CrtYd) (width 0.05))
    (fp_line (start 1.75 1.75) (end 1.75 -1.75) (layer F.CrtYd) (width 0.05))
    (fp_line (start -1.75 -1.75) (end -1.75 1.75) (layer F.CrtYd) (width 0.05))
    (fp_line (start -1.75 -1.75) (end 1.75 -1.75) (layer F.CrtYd) (width 0.05))
    (fp_text user %R (at 0 0) (layer F.Fab)
      (effects (font (size 1 1) (thickness 0.15)))
    )
    (pad 1 thru_hole circle (at 0 0) (size 2.49936 2.49936) (drill 1.00076) (layers *.Cu *.Mask)
      (net 32 "Net-(J106-Pad1)"))
  )

  (module Connector_Wire:SolderWirePad_1x01_Drill1mm (layer F.Cu) (tedit 5AEE5EBE) (tstamp 5B44AC52)
    (at 119.5 75)
    (descr "Wire solder connection")
    (tags connector)
    (path /5B3D0753)
    (attr virtual)
    (fp_text reference J107 (at 0 -3.81) (layer F.SilkS)
      (effects (font (size 1 1) (thickness 0.15)))
    )
    (fp_text value Conn_01x01_Female (at 0 3.175) (layer F.Fab)
      (effects (font (size 1 1) (thickness 0.15)))
    )
    (fp_text user %R (at 0 0) (layer F.Fab)
      (effects (font (size 1 1) (thickness 0.15)))
    )
    (fp_line (start -1.75 -1.75) (end 1.75 -1.75) (layer F.CrtYd) (width 0.05))
    (fp_line (start -1.75 -1.75) (end -1.75 1.75) (layer F.CrtYd) (width 0.05))
    (fp_line (start 1.75 1.75) (end 1.75 -1.75) (layer F.CrtYd) (width 0.05))
    (fp_line (start 1.75 1.75) (end -1.75 1.75) (layer F.CrtYd) (width 0.05))
    (pad 1 thru_hole circle (at 0 0) (size 2.49936 2.49936) (drill 1.00076) (layers *.Cu *.Mask)
      (net 5 GND))
  )

  (module Resistor_SMD:R_0603_1608Metric (layer F.Cu) (tedit 5B301BBD) (tstamp 5B44AA18)
    (at 141.5 90.5 180)
    (descr "Resistor SMD 0603 (1608 Metric), square (rectangular) end terminal, IPC_7351 nominal, (Body size source: http://www.tortai-tech.com/upload/download/2011102023233369053.pdf), generated with kicad-footprint-generator")
    (tags resistor)
    (path /5B3CCDCF)
    (attr smd)
    (fp_text reference R111 (at 0 -1.43 180) (layer F.SilkS)
      (effects (font (size 1 1) (thickness 0.15)))
    )
    (fp_text value 1k (at 0 1.43 180) (layer F.Fab)
      (effects (font (size 1 1) (thickness 0.15)))
    )
    (fp_line (start -0.8 0.4) (end -0.8 -0.4) (layer F.Fab) (width 0.1))
    (fp_line (start -0.8 -0.4) (end 0.8 -0.4) (layer F.Fab) (width 0.1))
    (fp_line (start 0.8 -0.4) (end 0.8 0.4) (layer F.Fab) (width 0.1))
    (fp_line (start 0.8 0.4) (end -0.8 0.4) (layer F.Fab) (width 0.1))
    (fp_line (start -0.162779 -0.51) (end 0.162779 -0.51) (layer F.SilkS) (width 0.12))
    (fp_line (start -0.162779 0.51) (end 0.162779 0.51) (layer F.SilkS) (width 0.12))
    (fp_line (start -1.48 0.73) (end -1.48 -0.73) (layer F.CrtYd) (width 0.05))
    (fp_line (start -1.48 -0.73) (end 1.48 -0.73) (layer F.CrtYd) (width 0.05))
    (fp_line (start 1.48 -0.73) (end 1.48 0.73) (layer F.CrtYd) (width 0.05))
    (fp_line (start 1.48 0.73) (end -1.48 0.73) (layer F.CrtYd) (width 0.05))
    (fp_text user %R (at 0 0 180) (layer F.Fab)
      (effects (font (size 0.4 0.4) (thickness 0.06)))
    )
    (pad 1 smd roundrect (at -0.7875 0 180) (size 0.875 0.95) (layers F.Cu F.Paste F.Mask) (roundrect_rratio 0.25)
      (net 32 "Net-(J106-Pad1)"))
    (pad 2 smd roundrect (at 0.7875 0 180) (size 0.875 0.95) (layers F.Cu F.Paste F.Mask) (roundrect_rratio 0.25)
      (net 34 /LED2))
    (model ${KISYS3DMOD}/Resistor_SMD.3dshapes/R_0603_1608Metric.wrl
      (at (xyz 0 0 0))
      (scale (xyz 1 1 1))
      (rotate (xyz 0 0 0))
    )
  )

  (module Inductor_SMD:L_Vishay_IHLP-1616 (layer F.Cu) (tedit 5990349D) (tstamp 5B435C7E)
    (at 141.56 79.60775 270)
    (descr "Inductor, Vishay, IHLP series, 4.1mmx4.1mm")
    (tags "inductor vishay ihlp smd")
    (path /5B36ADF2)
    (attr smd)
    (fp_text reference L101 (at 0 -3.032 270) (layer F.SilkS)
      (effects (font (size 1 1) (thickness 0.15)))
    )
    (fp_text value 3.3u (at 0 3.532 270) (layer F.Fab)
      (effects (font (size 1 1) (thickness 0.15)))
    )
    (fp_text user %R (at 0 0 270) (layer F.Fab)
      (effects (font (size 1 1) (thickness 0.15)))
    )
    (fp_line (start -2.032 -2.032) (end -2.032 2.032) (layer F.Fab) (width 0.1))
    (fp_line (start -2.032 2.032) (end 2.032 2.032) (layer F.Fab) (width 0.1))
    (fp_line (start 2.032 2.032) (end 2.032 -2.032) (layer F.Fab) (width 0.1))
    (fp_line (start 2.032 -2.032) (end -2.032 -2.032) (layer F.Fab) (width 0.1))
    (fp_line (start -2.132 -1.443) (end -2.132 -2.132) (layer F.SilkS) (width 0.12))
    (fp_line (start -2.132 -2.132) (end 2.132 -2.132) (layer F.SilkS) (width 0.12))
    (fp_line (start 2.132 -2.132) (end 2.132 -1.443) (layer F.SilkS) (width 0.12))
    (fp_line (start -2.132 1.443) (end -2.132 2.132) (layer F.SilkS) (width 0.12))
    (fp_line (start -2.132 2.132) (end 2.132 2.132) (layer F.SilkS) (width 0.12))
    (fp_line (start 2.132 2.132) (end 2.132 1.443) (layer F.SilkS) (width 0.12))
    (fp_line (start -3.1 -2.3) (end -3.1 2.3) (layer F.CrtYd) (width 0.05))
    (fp_line (start -3.1 2.3) (end 3.1 2.3) (layer F.CrtYd) (width 0.05))
    (fp_line (start 3.1 2.3) (end 3.1 -2.3) (layer F.CrtYd) (width 0.05))
    (fp_line (start 3.1 -2.3) (end -3.1 -2.3) (layer F.CrtYd) (width 0.05))
    (pad 1 smd rect (at -1.89225 0 270) (size 1.8545 2.286) (layers F.Cu F.Paste F.Mask)
      (net 31 /SW))
    (pad 2 smd rect (at 1.89225 0 270) (size 1.8545 2.286) (layers F.Cu F.Paste F.Mask)
      (net 30 /LED_P))
    (model ${KISYS3DMOD}/Inductor_SMD.3dshapes/L_Vishay_IHLP-1616.wrl
      (at (xyz 0 0 0))
      (scale (xyz 1 1 1))
      (rotate (xyz 0 0 0))
    )
  )

  (module Capacitor_Tantalum_SMD:CP_EIA-6032-28_Kemet-C (layer F.Cu) (tedit 5B301BBE) (tstamp 5B438303)
    (at 140.5 85 180)
    (descr "Tantalum Capacitor SMD Kemet-C (6032-28 Metric), IPC_7351 nominal, (Body size from: http://www.kemet.com/Lists/ProductCatalog/Attachments/253/KEM_TC101_STD.pdf), generated with kicad-footprint-generator")
    (tags "capacitor tantalum")
    (path /5B36B3CD)
    (attr smd)
    (fp_text reference C110 (at 0 -2.55 180) (layer F.SilkS)
      (effects (font (size 1 1) (thickness 0.15)))
    )
    (fp_text value 47u (at 0 2.55 180) (layer F.Fab)
      (effects (font (size 1 1) (thickness 0.15)))
    )
    (fp_line (start 3 -1.6) (end -2.2 -1.6) (layer F.Fab) (width 0.1))
    (fp_line (start -2.2 -1.6) (end -3 -0.8) (layer F.Fab) (width 0.1))
    (fp_line (start -3 -0.8) (end -3 1.6) (layer F.Fab) (width 0.1))
    (fp_line (start -3 1.6) (end 3 1.6) (layer F.Fab) (width 0.1))
    (fp_line (start 3 1.6) (end 3 -1.6) (layer F.Fab) (width 0.1))
    (fp_line (start 3 -1.71) (end -3.76 -1.71) (layer F.SilkS) (width 0.12))
    (fp_line (start -3.76 -1.71) (end -3.76 1.71) (layer F.SilkS) (width 0.12))
    (fp_line (start -3.76 1.71) (end 3 1.71) (layer F.SilkS) (width 0.12))
    (fp_line (start -3.75 1.85) (end -3.75 -1.85) (layer F.CrtYd) (width 0.05))
    (fp_line (start -3.75 -1.85) (end 3.75 -1.85) (layer F.CrtYd) (width 0.05))
    (fp_line (start 3.75 -1.85) (end 3.75 1.85) (layer F.CrtYd) (width 0.05))
    (fp_line (start 3.75 1.85) (end -3.75 1.85) (layer F.CrtYd) (width 0.05))
    (fp_text user %R (at 0 0 180) (layer F.Fab)
      (effects (font (size 1 1) (thickness 0.15)))
    )
    (pad 1 smd roundrect (at -2.4625 0 180) (size 2.075 2.35) (layers F.Cu F.Paste F.Mask) (roundrect_rratio 0.120482)
      (net 30 /LED_P))
    (pad 2 smd roundrect (at 2.4625 0 180) (size 2.075 2.35) (layers F.Cu F.Paste F.Mask) (roundrect_rratio 0.120482)
      (net 5 GND))
    (model ${KISYS3DMOD}/Capacitor_Tantalum_SMD.3dshapes/CP_EIA-6032-28_Kemet-C.wrl
      (at (xyz 0 0 0))
      (scale (xyz 1 1 1))
      (rotate (xyz 0 0 0))
    )
  )

  (module Resistor_SMD:R_0805_2012Metric (layer B.Cu) (tedit 5B301BBD) (tstamp 5B446DF0)
    (at 133.5 73.5)
    (descr "Resistor SMD 0805 (2012 Metric), square (rectangular) end terminal, IPC_7351 nominal, (Body size source: http://www.tortai-tech.com/upload/download/2011102023233369053.pdf), generated with kicad-footprint-generator")
    (tags resistor)
    (path /5B37AE90)
    (attr smd)
    (fp_text reference R108 (at 0 1.65) (layer B.SilkS)
      (effects (font (size 1 1) (thickness 0.15)) (justify mirror))
    )
    (fp_text value 0.01 (at 0 -1.65) (layer B.Fab)
      (effects (font (size 1 1) (thickness 0.15)) (justify mirror))
    )
    (fp_line (start -1 -0.6) (end -1 0.6) (layer B.Fab) (width 0.1))
    (fp_line (start -1 0.6) (end 1 0.6) (layer B.Fab) (width 0.1))
    (fp_line (start 1 0.6) (end 1 -0.6) (layer B.Fab) (width 0.1))
    (fp_line (start 1 -0.6) (end -1 -0.6) (layer B.Fab) (width 0.1))
    (fp_line (start -0.207983 0.71) (end 0.207983 0.71) (layer B.SilkS) (width 0.12))
    (fp_line (start -0.207983 -0.71) (end 0.207983 -0.71) (layer B.SilkS) (width 0.12))
    (fp_line (start -1.68 -0.95) (end -1.68 0.95) (layer B.CrtYd) (width 0.05))
    (fp_line (start -1.68 0.95) (end 1.68 0.95) (layer B.CrtYd) (width 0.05))
    (fp_line (start 1.68 0.95) (end 1.68 -0.95) (layer B.CrtYd) (width 0.05))
    (fp_line (start 1.68 -0.95) (end -1.68 -0.95) (layer B.CrtYd) (width 0.05))
    (fp_text user %R (at 0 0) (layer B.Fab)
      (effects (font (size 0.5 0.5) (thickness 0.08)) (justify mirror))
    )
    (pad 1 smd roundrect (at -0.85 0) (size 1.15 1.4) (layers B.Cu B.Paste B.Mask) (roundrect_rratio 0.217391)
      (net 4 /ISENSE))
    (pad 2 smd roundrect (at 0.85 0) (size 1.15 1.4) (layers B.Cu B.Paste B.Mask) (roundrect_rratio 0.217391)
      (net 5 GND))
    (model ${KISYS3DMOD}/Resistor_SMD.3dshapes/R_0805_2012Metric.wrl
      (at (xyz 0 0 0))
      (scale (xyz 1 1 1))
      (rotate (xyz 0 0 0))
    )
  )

  (module TestPoint:TestPoint_Pad_1.0x1.0mm (layer B.Cu) (tedit 5A0F774F) (tstamp 5B446035)
    (at 142 92)
    (descr "SMD rectangular pad as test Point, square 1.0mm side length")
    (tags "test point SMD pad rectangle square")
    (path /5B3C84C4)
    (attr virtual)
    (fp_text reference TP104 (at 0 1.448) (layer B.SilkS)
      (effects (font (size 1 1) (thickness 0.15)) (justify mirror))
    )
    (fp_text value Test_Point (at 0 -1.55) (layer B.Fab)
      (effects (font (size 1 1) (thickness 0.15)) (justify mirror))
    )
    (fp_text user %R (at 0 1.45) (layer B.Fab)
      (effects (font (size 1 1) (thickness 0.15)) (justify mirror))
    )
    (fp_line (start -0.7 0.7) (end 0.7 0.7) (layer B.SilkS) (width 0.12))
    (fp_line (start 0.7 0.7) (end 0.7 -0.7) (layer B.SilkS) (width 0.12))
    (fp_line (start 0.7 -0.7) (end -0.7 -0.7) (layer B.SilkS) (width 0.12))
    (fp_line (start -0.7 -0.7) (end -0.7 0.7) (layer B.SilkS) (width 0.12))
    (fp_line (start -1 1) (end 1 1) (layer B.CrtYd) (width 0.05))
    (fp_line (start -1 1) (end -1 -1) (layer B.CrtYd) (width 0.05))
    (fp_line (start 1 -1) (end 1 1) (layer B.CrtYd) (width 0.05))
    (fp_line (start 1 -1) (end -1 -1) (layer B.CrtYd) (width 0.05))
    (pad 1 smd rect (at 0 0) (size 1 1) (layers B.Cu B.Mask)
      (net 5 GND))
  )

  (module Connector_Wire:SolderWirePad_1x01_Drill1mm (layer F.Cu) (tedit 5AEE5EBE) (tstamp 5B4453CD)
    (at 126 87)
    (descr "Wire solder connection")
    (tags connector)
    (path /5B3BF396)
    (attr virtual)
    (fp_text reference J102 (at 0 -3.81) (layer F.SilkS)
      (effects (font (size 1 1) (thickness 0.15)))
    )
    (fp_text value Conn_01x01_Female (at 0 3.175) (layer F.Fab)
      (effects (font (size 1 1) (thickness 0.15)))
    )
    (fp_line (start 1.75 1.75) (end -1.75 1.75) (layer F.CrtYd) (width 0.05))
    (fp_line (start 1.75 1.75) (end 1.75 -1.75) (layer F.CrtYd) (width 0.05))
    (fp_line (start -1.75 -1.75) (end -1.75 1.75) (layer F.CrtYd) (width 0.05))
    (fp_line (start -1.75 -1.75) (end 1.75 -1.75) (layer F.CrtYd) (width 0.05))
    (fp_text user %R (at 0 0) (layer F.Fab)
      (effects (font (size 1 1) (thickness 0.15)))
    )
    (pad 1 thru_hole circle (at 0 0) (size 2.49936 2.49936) (drill 1.00076) (layers *.Cu *.Mask)
      (net 13 /VIN))
  )

  (module Connector_Wire:SolderWirePad_1x01_Drill1mm (layer F.Cu) (tedit 5AEE5EBE) (tstamp 5B4453C3)
    (at 141 75)
    (descr "Wire solder connection")
    (tags connector)
    (path /5B3BF6C2)
    (attr virtual)
    (fp_text reference J103 (at 0 -3.81) (layer F.SilkS)
      (effects (font (size 1 1) (thickness 0.15)))
    )
    (fp_text value Conn_01x01_Female (at 0 3.175) (layer F.Fab)
      (effects (font (size 1 1) (thickness 0.15)))
    )
    (fp_text user %R (at 0 0) (layer F.Fab)
      (effects (font (size 1 1) (thickness 0.15)))
    )
    (fp_line (start -1.75 -1.75) (end 1.75 -1.75) (layer F.CrtYd) (width 0.05))
    (fp_line (start -1.75 -1.75) (end -1.75 1.75) (layer F.CrtYd) (width 0.05))
    (fp_line (start 1.75 1.75) (end 1.75 -1.75) (layer F.CrtYd) (width 0.05))
    (fp_line (start 1.75 1.75) (end -1.75 1.75) (layer F.CrtYd) (width 0.05))
    (pad 1 thru_hole circle (at 0 0) (size 2.49936 2.49936) (drill 1.00076) (layers *.Cu *.Mask)
      (net 5 GND))
  )

  (module Connector_Wire:SolderWirePad_1x01_Drill1mm (layer F.Cu) (tedit 5AEE5EBE) (tstamp 5B4453B9)
    (at 145.5 80.5)
    (descr "Wire solder connection")
    (tags connector)
    (path /5B3C2C64)
    (attr virtual)
    (fp_text reference J104 (at 0 -3.81) (layer F.SilkS)
      (effects (font (size 1 1) (thickness 0.15)))
    )
    (fp_text value Conn_01x01_Female (at 0 3.175) (layer F.Fab)
      (effects (font (size 1 1) (thickness 0.15)))
    )
    (fp_line (start 1.75 1.75) (end -1.75 1.75) (layer F.CrtYd) (width 0.05))
    (fp_line (start 1.75 1.75) (end 1.75 -1.75) (layer F.CrtYd) (width 0.05))
    (fp_line (start -1.75 -1.75) (end -1.75 1.75) (layer F.CrtYd) (width 0.05))
    (fp_line (start -1.75 -1.75) (end 1.75 -1.75) (layer F.CrtYd) (width 0.05))
    (fp_text user %R (at 0 0) (layer F.Fab)
      (effects (font (size 1 1) (thickness 0.15)))
    )
    (pad 1 thru_hole circle (at 0 0) (size 2.49936 2.49936) (drill 1.00076) (layers *.Cu *.Mask)
      (net 30 /LED_P))
  )

  (module Connector_Wire:SolderWirePad_1x01_Drill1mm (layer F.Cu) (tedit 5AEE5EBE) (tstamp 5B4453AF)
    (at 130 75)
    (descr "Wire solder connection")
    (tags connector)
    (path /5B3C4B5B)
    (attr virtual)
    (fp_text reference J105 (at 0 -3.81) (layer F.SilkS)
      (effects (font (size 1 1) (thickness 0.15)))
    )
    (fp_text value Conn_01x01_Female (at 0 3.175) (layer F.Fab)
      (effects (font (size 1 1) (thickness 0.15)))
    )
    (fp_text user %R (at 0 0) (layer F.Fab)
      (effects (font (size 1 1) (thickness 0.15)))
    )
    (fp_line (start -1.75 -1.75) (end 1.75 -1.75) (layer F.CrtYd) (width 0.05))
    (fp_line (start -1.75 -1.75) (end -1.75 1.75) (layer F.CrtYd) (width 0.05))
    (fp_line (start 1.75 1.75) (end 1.75 -1.75) (layer F.CrtYd) (width 0.05))
    (fp_line (start 1.75 1.75) (end -1.75 1.75) (layer F.CrtYd) (width 0.05))
    (pad 1 thru_hole circle (at 0 0) (size 2.49936 2.49936) (drill 1.00076) (layers *.Cu *.Mask)
      (net 4 /ISENSE))
  )

  (module Capacitor_SMD:C_0603_1608Metric (layer B.Cu) (tedit 5B301BBE) (tstamp 5B444BCC)
    (at 130 92 180)
    (descr "Capacitor SMD 0603 (1608 Metric), square (rectangular) end terminal, IPC_7351 nominal, (Body size source: http://www.tortai-tech.com/upload/download/2011102023233369053.pdf), generated with kicad-footprint-generator")
    (tags capacitor)
    (path /5B3B4DAC)
    (attr smd)
    (fp_text reference C111 (at 0 1.43 180) (layer B.SilkS)
      (effects (font (size 1 1) (thickness 0.15)) (justify mirror))
    )
    (fp_text value 100n (at 0 -1.43 180) (layer B.Fab)
      (effects (font (size 1 1) (thickness 0.15)) (justify mirror))
    )
    (fp_line (start -0.8 -0.4) (end -0.8 0.4) (layer B.Fab) (width 0.1))
    (fp_line (start -0.8 0.4) (end 0.8 0.4) (layer B.Fab) (width 0.1))
    (fp_line (start 0.8 0.4) (end 0.8 -0.4) (layer B.Fab) (width 0.1))
    (fp_line (start 0.8 -0.4) (end -0.8 -0.4) (layer B.Fab) (width 0.1))
    (fp_line (start -0.162779 0.51) (end 0.162779 0.51) (layer B.SilkS) (width 0.12))
    (fp_line (start -0.162779 -0.51) (end 0.162779 -0.51) (layer B.SilkS) (width 0.12))
    (fp_line (start -1.48 -0.73) (end -1.48 0.73) (layer B.CrtYd) (width 0.05))
    (fp_line (start -1.48 0.73) (end 1.48 0.73) (layer B.CrtYd) (width 0.05))
    (fp_line (start 1.48 0.73) (end 1.48 -0.73) (layer B.CrtYd) (width 0.05))
    (fp_line (start 1.48 -0.73) (end -1.48 -0.73) (layer B.CrtYd) (width 0.05))
    (fp_text user %R (at 0 0 180) (layer B.Fab)
      (effects (font (size 0.4 0.4) (thickness 0.06)) (justify mirror))
    )
    (pad 1 smd roundrect (at -0.7875 0 180) (size 0.875 0.95) (layers B.Cu B.Paste B.Mask) (roundrect_rratio 0.25)
      (net 15 +3V3))
    (pad 2 smd roundrect (at 0.7875 0 180) (size 0.875 0.95) (layers B.Cu B.Paste B.Mask) (roundrect_rratio 0.25)
      (net 5 GND))
    (model ${KISYS3DMOD}/Capacitor_SMD.3dshapes/C_0603_1608Metric.wrl
      (at (xyz 0 0 0))
      (scale (xyz 1 1 1))
      (rotate (xyz 0 0 0))
    )
  )

  (module Connector_Wire:SolderWirePad_1x01_Drill1mm (layer F.Cu) (tedit 5AEE5EBE) (tstamp 5B444A73)
    (at 146 85)
    (descr "Wire solder connection")
    (tags connector)
    (path /5B3AFF8D)
    (attr virtual)
    (fp_text reference J101 (at 0 -3.81) (layer F.SilkS)
      (effects (font (size 1 1) (thickness 0.15)))
    )
    (fp_text value Conn_01x01_Female (at 0 3.175) (layer F.Fab)
      (effects (font (size 1 1) (thickness 0.15)))
    )
    (fp_text user %R (at 0 0) (layer F.Fab)
      (effects (font (size 1 1) (thickness 0.15)))
    )
    (fp_line (start -1.75 -1.75) (end 1.75 -1.75) (layer F.CrtYd) (width 0.05))
    (fp_line (start -1.75 -1.75) (end -1.75 1.75) (layer F.CrtYd) (width 0.05))
    (fp_line (start 1.75 1.75) (end 1.75 -1.75) (layer F.CrtYd) (width 0.05))
    (fp_line (start 1.75 1.75) (end -1.75 1.75) (layer F.CrtYd) (width 0.05))
    (pad 1 thru_hole circle (at 0 0) (size 2.49936 2.49936) (drill 1.00076) (layers *.Cu *.Mask)
      (net 19 /BTN))
  )

  (module Package_TO_SOT_SMD:SOT-23-5 (layer B.Cu) (tedit 5A02FF57) (tstamp 5B43CF09)
    (at 130 89)
    (descr "5-pin SOT23 package")
    (tags SOT-23-5)
    (path /5B3A6F0E)
    (attr smd)
    (fp_text reference U104 (at 0 2.9) (layer B.SilkS)
      (effects (font (size 1 1) (thickness 0.15)) (justify mirror))
    )
    (fp_text value LMV321 (at 0 -2.9) (layer B.Fab)
      (effects (font (size 1 1) (thickness 0.15)) (justify mirror))
    )
    (fp_text user %R (at 0 0 -90) (layer B.Fab)
      (effects (font (size 0.5 0.5) (thickness 0.075)) (justify mirror))
    )
    (fp_line (start -0.9 -1.61) (end 0.9 -1.61) (layer B.SilkS) (width 0.12))
    (fp_line (start 0.9 1.61) (end -1.55 1.61) (layer B.SilkS) (width 0.12))
    (fp_line (start -1.9 1.8) (end 1.9 1.8) (layer B.CrtYd) (width 0.05))
    (fp_line (start 1.9 1.8) (end 1.9 -1.8) (layer B.CrtYd) (width 0.05))
    (fp_line (start 1.9 -1.8) (end -1.9 -1.8) (layer B.CrtYd) (width 0.05))
    (fp_line (start -1.9 -1.8) (end -1.9 1.8) (layer B.CrtYd) (width 0.05))
    (fp_line (start -0.9 0.9) (end -0.25 1.55) (layer B.Fab) (width 0.1))
    (fp_line (start 0.9 1.55) (end -0.25 1.55) (layer B.Fab) (width 0.1))
    (fp_line (start -0.9 0.9) (end -0.9 -1.55) (layer B.Fab) (width 0.1))
    (fp_line (start 0.9 -1.55) (end -0.9 -1.55) (layer B.Fab) (width 0.1))
    (fp_line (start 0.9 1.55) (end 0.9 -1.55) (layer B.Fab) (width 0.1))
    (pad 1 smd rect (at -1.1 0.95) (size 1.06 0.65) (layers B.Cu B.Paste B.Mask)
      (net 4 /ISENSE))
    (pad 2 smd rect (at -1.1 0) (size 1.06 0.65) (layers B.Cu B.Paste B.Mask)
      (net 5 GND))
    (pad 3 smd rect (at -1.1 -0.95) (size 1.06 0.65) (layers B.Cu B.Paste B.Mask)
      (net 28 "Net-(R109-Pad1)"))
    (pad 4 smd rect (at 1.1 -0.95) (size 1.06 0.65) (layers B.Cu B.Paste B.Mask)
      (net 29 "Net-(R109-Pad2)"))
    (pad 5 smd rect (at 1.1 0.95) (size 1.06 0.65) (layers B.Cu B.Paste B.Mask)
      (net 15 +3V3))
    (model ${KISYS3DMOD}/Package_TO_SOT_SMD.3dshapes/SOT-23-5.wrl
      (at (xyz 0 0 0))
      (scale (xyz 1 1 1))
      (rotate (xyz 0 0 0))
    )
  )

  (module Resistor_SMD:R_0603_1608Metric (layer B.Cu) (tedit 5B301BBD) (tstamp 5B43CE14)
    (at 130 86.5)
    (descr "Resistor SMD 0603 (1608 Metric), square (rectangular) end terminal, IPC_7351 nominal, (Body size source: http://www.tortai-tech.com/upload/download/2011102023233369053.pdf), generated with kicad-footprint-generator")
    (tags resistor)
    (path /5B3A8579)
    (attr smd)
    (fp_text reference R109 (at 0 1.43) (layer B.SilkS)
      (effects (font (size 1 1) (thickness 0.15)) (justify mirror))
    )
    (fp_text value 1k (at 0 -1.43) (layer B.Fab)
      (effects (font (size 1 1) (thickness 0.15)) (justify mirror))
    )
    (fp_text user %R (at 0 0) (layer B.Fab)
      (effects (font (size 0.4 0.4) (thickness 0.06)) (justify mirror))
    )
    (fp_line (start 1.48 -0.73) (end -1.48 -0.73) (layer B.CrtYd) (width 0.05))
    (fp_line (start 1.48 0.73) (end 1.48 -0.73) (layer B.CrtYd) (width 0.05))
    (fp_line (start -1.48 0.73) (end 1.48 0.73) (layer B.CrtYd) (width 0.05))
    (fp_line (start -1.48 -0.73) (end -1.48 0.73) (layer B.CrtYd) (width 0.05))
    (fp_line (start -0.162779 -0.51) (end 0.162779 -0.51) (layer B.SilkS) (width 0.12))
    (fp_line (start -0.162779 0.51) (end 0.162779 0.51) (layer B.SilkS) (width 0.12))
    (fp_line (start 0.8 -0.4) (end -0.8 -0.4) (layer B.Fab) (width 0.1))
    (fp_line (start 0.8 0.4) (end 0.8 -0.4) (layer B.Fab) (width 0.1))
    (fp_line (start -0.8 0.4) (end 0.8 0.4) (layer B.Fab) (width 0.1))
    (fp_line (start -0.8 -0.4) (end -0.8 0.4) (layer B.Fab) (width 0.1))
    (pad 2 smd roundrect (at 0.7875 0) (size 0.875 0.95) (layers B.Cu B.Paste B.Mask) (roundrect_rratio 0.25)
      (net 29 "Net-(R109-Pad2)"))
    (pad 1 smd roundrect (at -0.7875 0) (size 0.875 0.95) (layers B.Cu B.Paste B.Mask) (roundrect_rratio 0.25)
      (net 28 "Net-(R109-Pad1)"))
    (model ${KISYS3DMOD}/Resistor_SMD.3dshapes/R_0603_1608Metric.wrl
      (at (xyz 0 0 0))
      (scale (xyz 1 1 1))
      (rotate (xyz 0 0 0))
    )
  )

  (module Resistor_SMD:R_0603_1608Metric (layer B.Cu) (tedit 5B301BBD) (tstamp 5B43CE03)
    (at 130 85 180)
    (descr "Resistor SMD 0603 (1608 Metric), square (rectangular) end terminal, IPC_7351 nominal, (Body size source: http://www.tortai-tech.com/upload/download/2011102023233369053.pdf), generated with kicad-footprint-generator")
    (tags resistor)
    (path /5B3A8635)
    (attr smd)
    (fp_text reference R110 (at 0 1.43 180) (layer B.SilkS)
      (effects (font (size 1 1) (thickness 0.15)) (justify mirror))
    )
    (fp_text value 1k (at 0 -1.43 180) (layer B.Fab)
      (effects (font (size 1 1) (thickness 0.15)) (justify mirror))
    )
    (fp_line (start -0.8 -0.4) (end -0.8 0.4) (layer B.Fab) (width 0.1))
    (fp_line (start -0.8 0.4) (end 0.8 0.4) (layer B.Fab) (width 0.1))
    (fp_line (start 0.8 0.4) (end 0.8 -0.4) (layer B.Fab) (width 0.1))
    (fp_line (start 0.8 -0.4) (end -0.8 -0.4) (layer B.Fab) (width 0.1))
    (fp_line (start -0.162779 0.51) (end 0.162779 0.51) (layer B.SilkS) (width 0.12))
    (fp_line (start -0.162779 -0.51) (end 0.162779 -0.51) (layer B.SilkS) (width 0.12))
    (fp_line (start -1.48 -0.73) (end -1.48 0.73) (layer B.CrtYd) (width 0.05))
    (fp_line (start -1.48 0.73) (end 1.48 0.73) (layer B.CrtYd) (width 0.05))
    (fp_line (start 1.48 0.73) (end 1.48 -0.73) (layer B.CrtYd) (width 0.05))
    (fp_line (start 1.48 -0.73) (end -1.48 -0.73) (layer B.CrtYd) (width 0.05))
    (fp_text user %R (at 0 0 180) (layer B.Fab)
      (effects (font (size 0.4 0.4) (thickness 0.06)) (justify mirror))
    )
    (pad 1 smd roundrect (at -0.7875 0 180) (size 0.875 0.95) (layers B.Cu B.Paste B.Mask) (roundrect_rratio 0.25)
      (net 5 GND))
    (pad 2 smd roundrect (at 0.7875 0 180) (size 0.875 0.95) (layers B.Cu B.Paste B.Mask) (roundrect_rratio 0.25)
      (net 28 "Net-(R109-Pad1)"))
    (model ${KISYS3DMOD}/Resistor_SMD.3dshapes/R_0603_1608Metric.wrl
      (at (xyz 0 0 0))
      (scale (xyz 1 1 1))
      (rotate (xyz 0 0 0))
    )
  )

  (module Capacitor_Tantalum_SMD:CP_EIA-7343-31_Kemet-D (layer F.Cu) (tedit 5B301BBE) (tstamp 5B4382F1)
    (at 128.5 81.1125 270)
    (descr "Tantalum Capacitor SMD Kemet-D (7343-31 Metric), IPC_7351 nominal, (Body size from: http://www.kemet.com/Lists/ProductCatalog/Attachments/253/KEM_TC101_STD.pdf), generated with kicad-footprint-generator")
    (tags "capacitor tantalum")
    (path /5B3706D2)
    (attr smd)
    (fp_text reference C105 (at 0 -3.1 270) (layer F.SilkS)
      (effects (font (size 1 1) (thickness 0.15)))
    )
    (fp_text value 10u (at 0 3.1 270) (layer F.Fab)
      (effects (font (size 1 1) (thickness 0.15)))
    )
    (fp_line (start 3.65 -2.15) (end -2.65 -2.15) (layer F.Fab) (width 0.1))
    (fp_line (start -2.65 -2.15) (end -3.65 -1.15) (layer F.Fab) (width 0.1))
    (fp_line (start -3.65 -1.15) (end -3.65 2.15) (layer F.Fab) (width 0.1))
    (fp_line (start -3.65 2.15) (end 3.65 2.15) (layer F.Fab) (width 0.1))
    (fp_line (start 3.65 2.15) (end 3.65 -2.15) (layer F.Fab) (width 0.1))
    (fp_line (start 3.65 -2.26) (end -4.41 -2.26) (layer F.SilkS) (width 0.12))
    (fp_line (start -4.41 -2.26) (end -4.41 2.26) (layer F.SilkS) (width 0.12))
    (fp_line (start -4.41 2.26) (end 3.65 2.26) (layer F.SilkS) (width 0.12))
    (fp_line (start -4.4 2.4) (end -4.4 -2.4) (layer F.CrtYd) (width 0.05))
    (fp_line (start -4.4 -2.4) (end 4.4 -2.4) (layer F.CrtYd) (width 0.05))
    (fp_line (start 4.4 -2.4) (end 4.4 2.4) (layer F.CrtYd) (width 0.05))
    (fp_line (start 4.4 2.4) (end -4.4 2.4) (layer F.CrtYd) (width 0.05))
    (fp_text user %R (at 0 0 270) (layer F.Fab)
      (effects (font (size 1 1) (thickness 0.15)))
    )
    (pad 1 smd roundrect (at -3.1125 0 270) (size 2.075 2.55) (layers F.Cu F.Paste F.Mask) (roundrect_rratio 0.120482)
      (net 13 /VIN))
    (pad 2 smd roundrect (at 3.1125 0 270) (size 2.075 2.55) (layers F.Cu F.Paste F.Mask) (roundrect_rratio 0.120482)
      (net 5 GND))
    (model ${KISYS3DMOD}/Capacitor_Tantalum_SMD.3dshapes/CP_EIA-7343-31_Kemet-D.wrl
      (at (xyz 0 0 0))
      (scale (xyz 1 1 1))
      (rotate (xyz 0 0 0))
    )
  )

  (module Capacitor_SMD:C_0603_1608Metric (layer B.Cu) (tedit 5B301BBE) (tstamp 5B435D28)
    (at 137.918644 94.20463)
    (descr "Capacitor SMD 0603 (1608 Metric), square (rectangular) end terminal, IPC_7351 nominal, (Body size source: http://www.tortai-tech.com/upload/download/2011102023233369053.pdf), generated with kicad-footprint-generator")
    (tags capacitor)
    (path /5B39C251)
    (attr smd)
    (fp_text reference C101 (at 0 1.43) (layer B.SilkS)
      (effects (font (size 1 1) (thickness 0.15)) (justify mirror))
    )
    (fp_text value 100n (at 0 -1.43) (layer B.Fab)
      (effects (font (size 1 1) (thickness 0.15)) (justify mirror))
    )
    (fp_text user %R (at 0 0) (layer B.Fab)
      (effects (font (size 0.4 0.4) (thickness 0.06)) (justify mirror))
    )
    (fp_line (start 1.48 -0.73) (end -1.48 -0.73) (layer B.CrtYd) (width 0.05))
    (fp_line (start 1.48 0.73) (end 1.48 -0.73) (layer B.CrtYd) (width 0.05))
    (fp_line (start -1.48 0.73) (end 1.48 0.73) (layer B.CrtYd) (width 0.05))
    (fp_line (start -1.48 -0.73) (end -1.48 0.73) (layer B.CrtYd) (width 0.05))
    (fp_line (start -0.162779 -0.51) (end 0.162779 -0.51) (layer B.SilkS) (width 0.12))
    (fp_line (start -0.162779 0.51) (end 0.162779 0.51) (layer B.SilkS) (width 0.12))
    (fp_line (start 0.8 -0.4) (end -0.8 -0.4) (layer B.Fab) (width 0.1))
    (fp_line (start 0.8 0.4) (end 0.8 -0.4) (layer B.Fab) (width 0.1))
    (fp_line (start -0.8 0.4) (end 0.8 0.4) (layer B.Fab) (width 0.1))
    (fp_line (start -0.8 -0.4) (end -0.8 0.4) (layer B.Fab) (width 0.1))
    (pad 2 smd roundrect (at 0.7875 0) (size 0.875 0.95) (layers B.Cu B.Paste B.Mask) (roundrect_rratio 0.25)
      (net 5 GND))
    (pad 1 smd roundrect (at -0.7875 0) (size 0.875 0.95) (layers B.Cu B.Paste B.Mask) (roundrect_rratio 0.25)
      (net 15 +3V3))
    (model ${KISYS3DMOD}/Capacitor_SMD.3dshapes/C_0603_1608Metric.wrl
      (at (xyz 0 0 0))
      (scale (xyz 1 1 1))
      (rotate (xyz 0 0 0))
    )
  )

  (module Capacitor_SMD:C_0603_1608Metric (layer B.Cu) (tedit 5B301BBE) (tstamp 5B435D17)
    (at 137 84 180)
    (descr "Capacitor SMD 0603 (1608 Metric), square (rectangular) end terminal, IPC_7351 nominal, (Body size source: http://www.tortai-tech.com/upload/download/2011102023233369053.pdf), generated with kicad-footprint-generator")
    (tags capacitor)
    (path /5B39C3C0)
    (attr smd)
    (fp_text reference C102 (at 0 1.43 180) (layer B.SilkS)
      (effects (font (size 1 1) (thickness 0.15)) (justify mirror))
    )
    (fp_text value 100n (at 0 -1.43 180) (layer B.Fab)
      (effects (font (size 1 1) (thickness 0.15)) (justify mirror))
    )
    (fp_line (start -0.8 -0.4) (end -0.8 0.4) (layer B.Fab) (width 0.1))
    (fp_line (start -0.8 0.4) (end 0.8 0.4) (layer B.Fab) (width 0.1))
    (fp_line (start 0.8 0.4) (end 0.8 -0.4) (layer B.Fab) (width 0.1))
    (fp_line (start 0.8 -0.4) (end -0.8 -0.4) (layer B.Fab) (width 0.1))
    (fp_line (start -0.162779 0.51) (end 0.162779 0.51) (layer B.SilkS) (width 0.12))
    (fp_line (start -0.162779 -0.51) (end 0.162779 -0.51) (layer B.SilkS) (width 0.12))
    (fp_line (start -1.48 -0.73) (end -1.48 0.73) (layer B.CrtYd) (width 0.05))
    (fp_line (start -1.48 0.73) (end 1.48 0.73) (layer B.CrtYd) (width 0.05))
    (fp_line (start 1.48 0.73) (end 1.48 -0.73) (layer B.CrtYd) (width 0.05))
    (fp_line (start 1.48 -0.73) (end -1.48 -0.73) (layer B.CrtYd) (width 0.05))
    (fp_text user %R (at 0 0 180) (layer B.Fab)
      (effects (font (size 0.4 0.4) (thickness 0.06)) (justify mirror))
    )
    (pad 1 smd roundrect (at -0.7875 0 180) (size 0.875 0.95) (layers B.Cu B.Paste B.Mask) (roundrect_rratio 0.25)
      (net 15 +3V3))
    (pad 2 smd roundrect (at 0.7875 0 180) (size 0.875 0.95) (layers B.Cu B.Paste B.Mask) (roundrect_rratio 0.25)
      (net 5 GND))
    (model ${KISYS3DMOD}/Capacitor_SMD.3dshapes/C_0603_1608Metric.wrl
      (at (xyz 0 0 0))
      (scale (xyz 1 1 1))
      (rotate (xyz 0 0 0))
    )
  )

  (module Capacitor_SMD:C_0603_1608Metric (layer F.Cu) (tedit 5B301BBE) (tstamp 5B435D06)
    (at 132.5 84.56 180)
    (descr "Capacitor SMD 0603 (1608 Metric), square (rectangular) end terminal, IPC_7351 nominal, (Body size source: http://www.tortai-tech.com/upload/download/2011102023233369053.pdf), generated with kicad-footprint-generator")
    (tags capacitor)
    (path /5B37F421)
    (attr smd)
    (fp_text reference C103 (at 0 -1.43 180) (layer F.SilkS)
      (effects (font (size 1 1) (thickness 0.15)))
    )
    (fp_text value 1u (at 0 1.43 180) (layer F.Fab)
      (effects (font (size 1 1) (thickness 0.15)))
    )
    (fp_text user %R (at 0 0 180) (layer F.Fab)
      (effects (font (size 0.4 0.4) (thickness 0.06)))
    )
    (fp_line (start 1.48 0.73) (end -1.48 0.73) (layer F.CrtYd) (width 0.05))
    (fp_line (start 1.48 -0.73) (end 1.48 0.73) (layer F.CrtYd) (width 0.05))
    (fp_line (start -1.48 -0.73) (end 1.48 -0.73) (layer F.CrtYd) (width 0.05))
    (fp_line (start -1.48 0.73) (end -1.48 -0.73) (layer F.CrtYd) (width 0.05))
    (fp_line (start -0.162779 0.51) (end 0.162779 0.51) (layer F.SilkS) (width 0.12))
    (fp_line (start -0.162779 -0.51) (end 0.162779 -0.51) (layer F.SilkS) (width 0.12))
    (fp_line (start 0.8 0.4) (end -0.8 0.4) (layer F.Fab) (width 0.1))
    (fp_line (start 0.8 -0.4) (end 0.8 0.4) (layer F.Fab) (width 0.1))
    (fp_line (start -0.8 -0.4) (end 0.8 -0.4) (layer F.Fab) (width 0.1))
    (fp_line (start -0.8 0.4) (end -0.8 -0.4) (layer F.Fab) (width 0.1))
    (pad 2 smd roundrect (at 0.7875 0 180) (size 0.875 0.95) (layers F.Cu F.Paste F.Mask) (roundrect_rratio 0.25)
      (net 5 GND))
    (pad 1 smd roundrect (at -0.7875 0 180) (size 0.875 0.95) (layers F.Cu F.Paste F.Mask) (roundrect_rratio 0.25)
      (net 7 /SETPOINT))
    (model ${KISYS3DMOD}/Capacitor_SMD.3dshapes/C_0603_1608Metric.wrl
      (at (xyz 0 0 0))
      (scale (xyz 1 1 1))
      (rotate (xyz 0 0 0))
    )
  )

  (module Capacitor_SMD:C_0603_1608Metric (layer F.Cu) (tedit 5B301BBE) (tstamp 5B435CF5)
    (at 128 90 90)
    (descr "Capacitor SMD 0603 (1608 Metric), square (rectangular) end terminal, IPC_7351 nominal, (Body size source: http://www.tortai-tech.com/upload/download/2011102023233369053.pdf), generated with kicad-footprint-generator")
    (tags capacitor)
    (path /5B36E86B)
    (attr smd)
    (fp_text reference C104 (at 0 -1.43 90) (layer F.SilkS)
      (effects (font (size 1 1) (thickness 0.15)))
    )
    (fp_text value 100n (at 0 1.43 90) (layer F.Fab)
      (effects (font (size 1 1) (thickness 0.15)))
    )
    (fp_line (start -0.8 0.4) (end -0.8 -0.4) (layer F.Fab) (width 0.1))
    (fp_line (start -0.8 -0.4) (end 0.8 -0.4) (layer F.Fab) (width 0.1))
    (fp_line (start 0.8 -0.4) (end 0.8 0.4) (layer F.Fab) (width 0.1))
    (fp_line (start 0.8 0.4) (end -0.8 0.4) (layer F.Fab) (width 0.1))
    (fp_line (start -0.162779 -0.51) (end 0.162779 -0.51) (layer F.SilkS) (width 0.12))
    (fp_line (start -0.162779 0.51) (end 0.162779 0.51) (layer F.SilkS) (width 0.12))
    (fp_line (start -1.48 0.73) (end -1.48 -0.73) (layer F.CrtYd) (width 0.05))
    (fp_line (start -1.48 -0.73) (end 1.48 -0.73) (layer F.CrtYd) (width 0.05))
    (fp_line (start 1.48 -0.73) (end 1.48 0.73) (layer F.CrtYd) (width 0.05))
    (fp_line (start 1.48 0.73) (end -1.48 0.73) (layer F.CrtYd) (width 0.05))
    (fp_text user %R (at 0 0 90) (layer F.Fab)
      (effects (font (size 0.4 0.4) (thickness 0.06)))
    )
    (pad 1 smd roundrect (at -0.7875 0 90) (size 0.875 0.95) (layers F.Cu F.Paste F.Mask) (roundrect_rratio 0.25)
      (net 14 "Net-(C104-Pad1)"))
    (pad 2 smd roundrect (at 0.7875 0 90) (size 0.875 0.95) (layers F.Cu F.Paste F.Mask) (roundrect_rratio 0.25)
      (net 5 GND))
    (model ${KISYS3DMOD}/Capacitor_SMD.3dshapes/C_0603_1608Metric.wrl
      (at (xyz 0 0 0))
      (scale (xyz 1 1 1))
      (rotate (xyz 0 0 0))
    )
  )

  (module Capacitor_SMD:C_0603_1608Metric (layer B.Cu) (tedit 5B301BBE) (tstamp 5B435CD3)
    (at 131.5 78.5 270)
    (descr "Capacitor SMD 0603 (1608 Metric), square (rectangular) end terminal, IPC_7351 nominal, (Body size source: http://www.tortai-tech.com/upload/download/2011102023233369053.pdf), generated with kicad-footprint-generator")
    (tags capacitor)
    (path /5B370927)
    (attr smd)
    (fp_text reference C106 (at 0 1.43 270) (layer B.SilkS)
      (effects (font (size 1 1) (thickness 0.15)) (justify mirror))
    )
    (fp_text value 100n (at 0 -1.43 270) (layer B.Fab)
      (effects (font (size 1 1) (thickness 0.15)) (justify mirror))
    )
    (fp_line (start -0.8 -0.4) (end -0.8 0.4) (layer B.Fab) (width 0.1))
    (fp_line (start -0.8 0.4) (end 0.8 0.4) (layer B.Fab) (width 0.1))
    (fp_line (start 0.8 0.4) (end 0.8 -0.4) (layer B.Fab) (width 0.1))
    (fp_line (start 0.8 -0.4) (end -0.8 -0.4) (layer B.Fab) (width 0.1))
    (fp_line (start -0.162779 0.51) (end 0.162779 0.51) (layer B.SilkS) (width 0.12))
    (fp_line (start -0.162779 -0.51) (end 0.162779 -0.51) (layer B.SilkS) (width 0.12))
    (fp_line (start -1.48 -0.73) (end -1.48 0.73) (layer B.CrtYd) (width 0.05))
    (fp_line (start -1.48 0.73) (end 1.48 0.73) (layer B.CrtYd) (width 0.05))
    (fp_line (start 1.48 0.73) (end 1.48 -0.73) (layer B.CrtYd) (width 0.05))
