(kicad_pcb (version 20171130) (host pcbnew 5.1.6)

  (general
    (thickness 1.6)
    (drawings 10)
    (tracks 326)
    (zones 0)
    (modules 45)
    (nets 32)
  )

  (page A4)
  (layers
    (0 F.Cu signal)
    (1 In1.Cu signal hide)
    (2 In2.Cu signal)
    (31 B.Cu signal)
    (32 B.Adhes user hide)
    (33 F.Adhes user hide)
    (34 B.Paste user hide)
    (35 F.Paste user hide)
    (36 B.SilkS user)
    (37 F.SilkS user hide)
    (38 B.Mask user hide)
    (39 F.Mask user hide)
    (40 Dwgs.User user)
    (41 Cmts.User user hide)
    (42 Eco1.User user hide)
    (43 Eco2.User user hide)
    (44 Edge.Cuts user)
    (45 Margin user hide)
    (46 B.CrtYd user)
    (47 F.CrtYd user hide)
    (48 B.Fab user hide)
    (49 F.Fab user hide)
  )

  (setup
    (last_trace_width 0.25)
    (trace_clearance 0.2)
    (zone_clearance 0.16)
    (zone_45_only yes)
    (trace_min 0.2)
    (via_size 0.8)
    (via_drill 0.4)
    (via_min_size 0.4)
    (via_min_drill 0.3)
    (uvia_size 0.3)
    (uvia_drill 0.1)
    (uvias_allowed no)
    (uvia_min_size 0.2)
    (uvia_min_drill 0.1)
    (edge_width 0.15)
    (segment_width 0.2)
    (pcb_text_width 0.3)
    (pcb_text_size 1.5 1.5)
    (mod_edge_width 0.15)
    (mod_text_size 0.8 0.8)
    (mod_text_width 0.12)
    (pad_size 2.49936 2.49936)
    (pad_drill 1.3)
    (pad_to_mask_clearance 0.2)
    (solder_mask_min_width 0.25)
    (aux_axis_origin 0 0)
    (visible_elements FFFFFF7F)
    (pcbplotparams
      (layerselection 0x010fc_ffffffff)
      (usegerberextensions false)
      (usegerberattributes false)
      (usegerberadvancedattributes false)
      (creategerberjobfile true)
      (excludeedgelayer true)
      (linewidth 0.100000)
      (plotframeref false)
      (viasonmask false)
      (mode 1)
      (useauxorigin false)
      (hpglpennumber 1)
      (hpglpenspeed 20)
      (hpglpendiameter 15.000000)
      (psnegative false)
      (psa4output false)
      (plotreference true)
      (plotvalue true)
      (plotinvisibletext false)
      (padsonsilk false)
      (subtractmaskfromsilk false)
      (outputformat 1)
      (mirror false)
      (drillshape 0)
      (scaleselection 1)
      (outputdirectory "out"))
  )

  (net 0 "")
  (net 1 /SWDIO)
  (net 2 /SWCLK)
  (net 3 /ISENSE)
  (net 4 GND)
  (net 5 /SETPOINT)
  (net 6 /VIN)
  (net 7 +3V3)
  (net 8 /EN)
  (net 9 /BTN)
  (net 10 /LED_P)
  (net 11 /SW)
  (net 12 /LED1)
  (net 13 /LED2)
  (net 14 "Net-(C6-Pad1)")
  (net 15 "Net-(D1-Pad2)")
  (net 16 "Net-(J4-Pad1)")
  (net 17 "Net-(C7-Pad1)")
  (net 18 "Net-(U1-Pad2)")
  (net 19 "Net-(U1-Pad3)")
  (net 20 "Net-(C10-Pad1)")
  (net 21 "Net-(R11-Pad2)")
  (net 22 /VBAT)
  (net 23 "Net-(R9-Pad2)")
  (net 24 "Net-(U1-Pad18)")
  (net 25 /PWRGD)
  (net 26 /RESET)
  (net 27 /DEBUG_RX)
  (net 28 /DEBUG_TX)
  (net 29 /ISENSE_BUFD)
  (net 30 /SETPOINT_PWM)
  (net 31 "Net-(U1-Pad10)")

  (net_class Default "This is the default net class."
    (clearance 0.2)
    (trace_width 0.25)
    (via_dia 0.8)
    (via_drill 0.4)
    (uvia_dia 0.3)
    (uvia_drill 0.1)
    (add_net /BTN)
    (add_net /DEBUG_RX)
    (add_net /DEBUG_TX)
    (add_net /EN)
    (add_net /ISENSE_BUFD)
    (add_net /LED1)
    (add_net /LED2)
    (add_net /PWRGD)
    (add_net /RESET)
    (add_net /SETPOINT)
    (add_net /SETPOINT_PWM)
    (add_net /SWCLK)
    (add_net /SWDIO)
    (add_net /VBAT)
    (add_net "Net-(C10-Pad1)")
    (add_net "Net-(C6-Pad1)")
    (add_net "Net-(C7-Pad1)")
    (add_net "Net-(D1-Pad2)")
    (add_net "Net-(J4-Pad1)")
    (add_net "Net-(R11-Pad2)")
    (add_net "Net-(R9-Pad2)")
    (add_net "Net-(U1-Pad10)")
    (add_net "Net-(U1-Pad18)")
    (add_net "Net-(U1-Pad2)")
    (add_net "Net-(U1-Pad3)")
  )

  (net_class Power ""
    (clearance 0.2)
    (trace_width 0.5)
    (via_dia 0.8)
    (via_drill 0.4)
    (uvia_dia 0.3)
    (uvia_drill 0.1)
    (add_net +3V3)
    (add_net /ISENSE)
    (add_net /LED_P)
    (add_net /SW)
    (add_net /VIN)
    (add_net GND)
  )

  (module Package_SO:TSSOP-20_4.4x6.5mm_P0.65mm (layer B.Cu) (tedit 5A02F25C) (tstamp 5FB15715)
    (at 136.9 89.2 90)
    (descr "20-Lead Plastic Thin Shrink Small Outline (ST)-4.4 mm Body [TSSOP] (see Microchip Packaging Specification 00000049BS.pdf)")
    (tags "SSOP 0.65")
    (path /5FB179D6)
    (attr smd)
    (fp_text reference U1 (at 0 4.3 -90) (layer B.SilkS)
      (effects (font (size 1 1) (thickness 0.15)) (justify mirror))
    )
    (fp_text value STM32L041F6Px (at 0 -4.3 -90) (layer B.Fab)
      (effects (font (size 1 1) (thickness 0.15)) (justify mirror))
    )
    (fp_text user %R (at 0 0 -90) (layer B.Fab)
      (effects (font (size 0.8 0.8) (thickness 0.15)) (justify mirror))
    )
    (fp_line (start -1.2 3.25) (end 2.2 3.25) (layer B.Fab) (width 0.15))
    (fp_line (start 2.2 3.25) (end 2.2 -3.25) (layer B.Fab) (width 0.15))
    (fp_line (start 2.2 -3.25) (end -2.2 -3.25) (layer B.Fab) (width 0.15))
    (fp_line (start -2.2 -3.25) (end -2.2 2.25) (layer B.Fab) (width 0.15))
    (fp_line (start -2.2 2.25) (end -1.2 3.25) (layer B.Fab) (width 0.15))
    (fp_line (start -3.95 3.55) (end -3.95 -3.55) (layer B.CrtYd) (width 0.05))
    (fp_line (start 3.95 3.55) (end 3.95 -3.55) (layer B.CrtYd) (width 0.05))
    (fp_line (start -3.95 3.55) (end 3.95 3.55) (layer B.CrtYd) (width 0.05))
    (fp_line (start -3.95 -3.55) (end 3.95 -3.55) (layer B.CrtYd) (width 0.05))
    (fp_line (start -2.225 -3.45) (end 2.225 -3.45) (layer B.SilkS) (width 0.15))
    (fp_line (start -3.75 3.45) (end 2.225 3.45) (layer B.SilkS) (width 0.15))
    (pad 20 smd rect (at 2.95 2.925 90) (size 1.45 0.45) (layers B.Cu B.Paste B.Mask)
      (net 2 /SWCLK))
    (pad 19 smd rect (at 2.95 2.275 90) (size 1.45 0.45) (layers B.Cu B.Paste B.Mask)
      (net 1 /SWDIO))
    (pad 18 smd rect (at 2.95 1.625 90) (size 1.45 0.45) (layers B.Cu B.Paste B.Mask)
      (net 24 "Net-(U1-Pad18)"))
    (pad 17 smd rect (at 2.95 0.975 90) (size 1.45 0.45) (layers B.Cu B.Paste B.Mask)
      (net 9 /BTN))
    (pad 16 smd rect (at 2.95 0.325 90) (size 1.45 0.45) (layers B.Cu B.Paste B.Mask)
      (net 7 +3V3))
    (pad 15 smd rect (at 2.95 -0.325 90) (size 1.45 0.45) (layers B.Cu B.Paste B.Mask)
      (net 4 GND))
    (pad 14 smd rect (at 2.95 -0.975 90) (size 1.45 0.45) (layers B.Cu B.Paste B.Mask)
      (net 22 /VBAT))
    (pad 13 smd rect (at 2.95 -1.625 90) (size 1.45 0.45) (layers B.Cu B.Paste B.Mask)
      (net 13 /LED2))
    (pad 12 smd rect (at 2.95 -2.275 90) (size 1.45 0.45) (layers B.Cu B.Paste B.Mask)
      (net 12 /LED1))
    (pad 11 smd rect (at 2.95 -2.925 90) (size 1.45 0.45) (layers B.Cu B.Paste B.Mask)
      (net 29 /ISENSE_BUFD))
    (pad 10 smd rect (at -2.95 -2.925 90) (size 1.45 0.45) (layers B.Cu B.Paste B.Mask)
      (net 31 "Net-(U1-Pad10)"))
    (pad 9 smd rect (at -2.95 -2.275 90) (size 1.45 0.45) (layers B.Cu B.Paste B.Mask)
      (net 27 /DEBUG_RX))
    (pad 8 smd rect (at -2.95 -1.625 90) (size 1.45 0.45) (layers B.Cu B.Paste B.Mask)
      (net 28 /DEBUG_TX))
    (pad 7 smd rect (at -2.95 -0.975 90) (size 1.45 0.45) (layers B.Cu B.Paste B.Mask)
      (net 8 /EN))
    (pad 6 smd rect (at -2.95 -0.325 90) (size 1.45 0.45) (layers B.Cu B.Paste B.Mask)
      (net 30 /SETPOINT_PWM))
    (pad 5 smd rect (at -2.95 0.325 90) (size 1.45 0.45) (layers B.Cu B.Paste B.Mask)
      (net 7 +3V3))
    (pad 4 smd rect (at -2.95 0.975 90) (size 1.45 0.45) (layers B.Cu B.Paste B.Mask)
      (net 26 /RESET))
    (pad 3 smd rect (at -2.95 1.625 90) (size 1.45 0.45) (layers B.Cu B.Paste B.Mask)
      (net 19 "Net-(U1-Pad3)"))
    (pad 2 smd rect (at -2.95 2.275 90) (size 1.45 0.45) (layers B.Cu B.Paste B.Mask)
      (net 18 "Net-(U1-Pad2)"))
    (pad 1 smd rect (at -2.95 2.925 90) (size 1.45 0.45) (layers B.Cu B.Paste B.Mask)
      (net 4 GND))
    (model ${KISYS3DMOD}/Package_SO.3dshapes/TSSOP-20_4.4x6.5mm_P0.65mm.wrl
      (at (xyz 0 0 0))
      (scale (xyz 1 1 1))
      (rotate (xyz 0 0 0))
    )
  )

  (module Package_SO:TSSOP-8_3x3mm_P0.65mm (layer B.Cu) (tedit 5A02F25C) (tstamp 5D3B85FA)
    (at 129.5 85.25 270)
    (descr "TSSOP8: plastic thin shrink small outline package; 8 leads; body width 3 mm; (see NXP SSOP-TSSOP-VSO-REFLOW.pdf and sot505-1_po.pdf)")
    (tags "SSOP 0.65")
    (path /5D303DCC)
    (attr smd)
    (fp_text reference U2 (at 0.75 2.25 270) (layer B.SilkS)
      (effects (font (size 0.8 0.8) (thickness 0.12)) (justify mirror))
    )
    (fp_text value TLV2333 (at 0 -2.55 270) (layer B.Fab)
      (effects (font (size 1 1) (thickness 0.15)) (justify mirror))
    )
    (fp_line (start -1.625 1.5) (end -2.7 1.5) (layer B.SilkS) (width 0.15))
    (fp_line (start -1.625 -1.625) (end 1.625 -1.625) (layer B.SilkS) (width 0.15))
    (fp_line (start -1.625 1.625) (end 1.625 1.625) (layer B.SilkS) (width 0.15))
    (fp_line (start -1.625 -1.625) (end -1.625 -1.4) (layer B.SilkS) (width 0.15))
    (fp_line (start 1.625 -1.625) (end 1.625 -1.4) (layer B.SilkS) (width 0.15))
    (fp_line (start 1.625 1.625) (end 1.625 1.4) (layer B.SilkS) (width 0.15))
    (fp_line (start -1.625 1.625) (end -1.625 1.5) (layer B.SilkS) (width 0.15))
    (fp_line (start -2.95 -1.8) (end 2.95 -1.8) (layer B.CrtYd) (width 0.05))
    (fp_line (start -2.95 1.8) (end 2.95 1.8) (layer B.CrtYd) (width 0.05))
    (fp_line (start 2.95 1.8) (end 2.95 -1.8) (layer B.CrtYd) (width 0.05))
    (fp_line (start -2.95 1.8) (end -2.95 -1.8) (layer B.CrtYd) (width 0.05))
    (fp_line (start -1.5 0.5) (end -0.5 1.5) (layer B.Fab) (width 0.15))
    (fp_line (start -1.5 -1.5) (end -1.5 0.5) (layer B.Fab) (width 0.15))
    (fp_line (start 1.5 -1.5) (end -1.5 -1.5) (layer B.Fab) (width 0.15))
    (fp_line (start 1.5 1.5) (end 1.5 -1.5) (layer B.Fab) (width 0.15))
    (fp_line (start -0.5 1.5) (end 1.5 1.5) (layer B.Fab) (width 0.15))
    (fp_text user %R (at 0 0 270) (layer B.Fab)
      (effects (font (size 0.6 0.6) (thickness 0.15)) (justify mirror))
    )
    (pad 1 smd rect (at -2.15 0.975 270) (size 1.1 0.4) (layers B.Cu B.Paste B.Mask)
      (net 29 /ISENSE_BUFD))
    (pad 2 smd rect (at -2.15 0.325 270) (size 1.1 0.4) (layers B.Cu B.Paste B.Mask)
      (net 14 "Net-(C6-Pad1)"))
    (pad 3 smd rect (at -2.15 -0.325 270) (size 1.1 0.4) (layers B.Cu B.Paste B.Mask)
      (net 3 /ISENSE))
    (pad 4 smd rect (at -2.15 -0.975 270) (size 1.1 0.4) (layers B.Cu B.Paste B.Mask)
      (net 4 GND))
    (pad 5 smd rect (at 2.15 -0.975 270) (size 1.1 0.4) (layers B.Cu B.Paste B.Mask)
      (net 5 /SETPOINT))
    (pad 6 smd rect (at 2.15 -0.325 270) (size 1.1 0.4) (layers B.Cu B.Paste B.Mask)
      (net 23 "Net-(R9-Pad2)"))
    (pad 7 smd rect (at 2.15 0.325 270) (size 1.1 0.4) (layers B.Cu B.Paste B.Mask)
      (net 23 "Net-(R9-Pad2)"))
    (pad 8 smd rect (at 2.15 0.975 270) (size 1.1 0.4) (layers B.Cu B.Paste B.Mask)
      (net 7 +3V3))
    (model ${KISYS3DMOD}/Package_SO.3dshapes/TSSOP-8_3x3mm_P0.65mm.wrl
      (at (xyz 0 0 0))
      (scale (xyz 1 1 1))
      (rotate (xyz 0 0 0))
    )
  )

  (module TestPoint:TestPoint_Pad_1.0x1.0mm (layer B.Cu) (tedit 5A0F774F) (tstamp 5D28110B)
    (at 135.5 94.5)
    (descr "SMD rectangular pad as test Point, square 1.0mm side length")
    (tags "test point SMD pad rectangle square")
    (path /5D298FBA)
    (attr virtual)
    (fp_text reference TP5 (at 0 1.448) (layer B.SilkS)
      (effects (font (size 0.8 0.8) (thickness 0.12)) (justify mirror))
    )
    (fp_text value Test_Point (at 0 -1.55) (layer B.Fab)
      (effects (font (size 1 1) (thickness 0.15)) (justify mirror))
    )
    (fp_line (start -0.7 0.7) (end 0.7 0.7) (layer B.SilkS) (width 0.12))
    (fp_line (start 0.7 0.7) (end 0.7 -0.7) (layer B.SilkS) (width 0.12))
    (fp_line (start 0.7 -0.7) (end -0.7 -0.7) (layer B.SilkS) (width 0.12))
    (fp_line (start -0.7 -0.7) (end -0.7 0.7) (layer B.SilkS) (width 0.12))
    (fp_line (start -1 1) (end 1 1) (layer B.CrtYd) (width 0.05))
    (fp_line (start -1 1) (end -1 -1) (layer B.CrtYd) (width 0.05))
    (fp_line (start 1 -1) (end 1 1) (layer B.CrtYd) (width 0.05))
    (fp_line (start 1 -1) (end -1 -1) (layer B.CrtYd) (width 0.05))
    (fp_text user %R (at 0 1.45) (layer B.Fab)
      (effects (font (size 1 1) (thickness 0.15)) (justify mirror))
    )
    (pad 1 smd rect (at 0 0) (size 1 1) (layers B.Cu B.Mask)
      (net 28 /DEBUG_TX))
  )

  (module TestPoint:TestPoint_Pad_1.0x1.0mm (layer B.Cu) (tedit 5A0F774F) (tstamp 5D2810AF)
    (at 133.5 94.5)
    (descr "SMD rectangular pad as test Point, square 1.0mm side length")
    (tags "test point SMD pad rectangle square")
    (path /5D298FC4)
    (attr virtual)
    (fp_text reference TP6 (at 0 1.448) (layer B.SilkS)
      (effects (font (size 0.8 0.8) (thickness 0.12)) (justify mirror))
    )
    (fp_text value Test_Point (at 0 -1.55) (layer B.Fab)
      (effects (font (size 1 1) (thickness 0.15)) (justify mirror))
    )
    (fp_line (start 1 -1) (end -1 -1) (layer B.CrtYd) (width 0.05))
    (fp_line (start 1 -1) (end 1 1) (layer B.CrtYd) (width 0.05))
    (fp_line (start -1 1) (end -1 -1) (layer B.CrtYd) (width 0.05))
    (fp_line (start -1 1) (end 1 1) (layer B.CrtYd) (width 0.05))
    (fp_line (start -0.7 -0.7) (end -0.7 0.7) (layer B.SilkS) (width 0.12))
    (fp_line (start 0.7 -0.7) (end -0.7 -0.7) (layer B.SilkS) (width 0.12))
    (fp_line (start 0.7 0.7) (end 0.7 -0.7) (layer B.SilkS) (width 0.12))
    (fp_line (start -0.7 0.7) (end 0.7 0.7) (layer B.SilkS) (width 0.12))
    (fp_text user %R (at 0 1.45) (layer B.Fab)
      (effects (font (size 1 1) (thickness 0.15)) (justify mirror))
    )
    (pad 1 smd rect (at 0 0) (size 1 1) (layers B.Cu B.Mask)
      (net 27 /DEBUG_RX))
  )

  (module lamp:QFN-16_EP_3x3_Pitch0.5mm (layer F.Cu) (tedit 5D1C265A) (tstamp 5D1CACA1)
    (at 133.5 76.81 180)
    (path /5D1C83F4)
    (attr smd)
    (fp_text reference U4 (at 0 -2.8 180) (layer F.SilkS)
      (effects (font (size 0.8 0.8) (thickness 0.12)))
    )
    (fp_text value TLV62130x (at 0 2.8 180) (layer F.Fab)
      (effects (font (size 1 1) (thickness 0.15)))
    )
    (fp_line (start -0.5 -1.5) (end -1.5 -0.5) (layer F.Fab) (width 0.15))
    (fp_line (start -1.5 -0.5) (end -1.5 1.5) (layer F.Fab) (width 0.15))
    (fp_line (start -1.5 1.5) (end 1.5 1.5) (layer F.Fab) (width 0.15))
    (fp_line (start 1.5 1.5) (end 1.5 -1.5) (layer F.Fab) (width 0.15))
    (fp_line (start 1.5 -1.5) (end -0.5 -1.5) (layer F.Fab) (width 0.15))
    (fp_line (start 1.25 -1.65) (end 1.65 -1.65) (layer F.SilkS) (width 0.15))
    (fp_line (start 1.65 -1.65) (end 1.65 -1.25) (layer F.SilkS) (width 0.15))
    (fp_line (start 1.25 1.65) (end 1.65 1.65) (layer F.SilkS) (width 0.15))
    (fp_line (start 1.65 1.65) (end 1.65 1.25) (layer F.SilkS) (width 0.15))
    (fp_line (start -1.25 1.65) (end -1.65 1.65) (layer F.SilkS) (width 0.15))
    (fp_line (start -1.65 1.65) (end -1.65 1.25) (layer F.SilkS) (width 0.15))
    (fp_line (start -1.25 -1.65) (end -1.8 -1.65) (layer F.SilkS) (width 0.15))
    (fp_line (start -2.05 -2.05) (end 2.05 -2.05) (layer F.CrtYd) (width 0.05))
    (fp_line (start 2.05 -2.05) (end 2.05 2.05) (layer F.CrtYd) (width 0.05))
    (fp_line (start 2.05 2.05) (end -2.05 2.05) (layer F.CrtYd) (width 0.05))
    (fp_line (start -2.05 2.05) (end -2.05 -2.05) (layer F.CrtYd) (width 0.05))
    (pad 17 thru_hole circle (at 0.42 0.42 180) (size 0.42 0.42) (drill 0.3) (layers *.Cu *.Mask)
      (net 4 GND))
    (pad 17 thru_hole circle (at 0.42 -0.42 180) (size 0.42 0.42) (drill 0.3) (layers *.Cu *.Mask)
      (net 4 GND))
    (pad 17 thru_hole circle (at -0.42 0.42 180) (size 0.42 0.42) (drill 0.3) (layers *.Cu *.Mask)
      (net 4 GND))
    (pad 17 thru_hole circle (at -0.42 -0.42 180) (size 0.42 0.42) (drill 0.3) (layers *.Cu *.Mask)
      (net 4 GND))
    (pad 17 smd rect (at 0.42 0.42 180) (size 0.84 0.84) (layers F.Cu F.Paste F.Mask)
      (net 4 GND) (solder_paste_margin -0.1))
    (pad 17 smd rect (at 0.42 -0.42 180) (size 0.84 0.84) (layers F.Cu F.Paste F.Mask)
      (net 4 GND) (solder_paste_margin -0.1))
    (pad 17 smd rect (at -0.42 0.42 180) (size 0.84 0.84) (layers F.Cu F.Paste F.Mask)
      (net 4 GND) (solder_paste_margin -0.1))
    (pad 17 smd rect (at -0.42 -0.42 180) (size 0.84 0.84) (layers F.Cu F.Paste F.Mask)
      (net 4 GND) (solder_paste_margin -0.1))
    (pad 16 smd oval (at -0.75 -1.5 180) (size 0.24 0.6) (layers F.Cu F.Paste F.Mask)
      (net 4 GND))
    (pad 15 smd oval (at -0.25 -1.5 180) (size 0.24 0.6) (layers F.Cu F.Paste F.Mask)
      (net 4 GND))
    (pad 14 smd oval (at 0.25 -1.5 180) (size 0.24 0.6) (layers F.Cu F.Paste F.Mask)
      (net 10 /LED_P))
    (pad 13 smd oval (at 0.75 -1.5 180) (size 0.24 0.6) (layers F.Cu F.Paste F.Mask)
      (net 8 /EN))
    (pad 12 smd oval (at 1.5 -0.75 270) (size 0.24 0.6) (layers F.Cu F.Paste F.Mask)
      (net 6 /VIN))
    (pad 11 smd oval (at 1.5 -0.25 270) (size 0.24 0.6) (layers F.Cu F.Paste F.Mask)
      (net 6 /VIN))
    (pad 10 smd oval (at 1.5 0.25 270) (size 0.24 0.6) (layers F.Cu F.Paste F.Mask)
      (net 6 /VIN))
    (pad 9 smd oval (at 1.5 0.75 270) (size 0.24 0.6) (layers F.Cu F.Paste F.Mask)
      (net 20 "Net-(C10-Pad1)"))
    (pad 8 smd oval (at 0.75 1.5 180) (size 0.24 0.6) (layers F.Cu F.Paste F.Mask)
      (net 4 GND))
    (pad 7 smd oval (at 0.25 1.5 180) (size 0.24 0.6) (layers F.Cu F.Paste F.Mask)
      (net 4 GND))
    (pad 6 smd oval (at -0.25 1.5 180) (size 0.24 0.6) (layers F.Cu F.Paste F.Mask)
      (net 4 GND))
    (pad 5 smd oval (at -0.75 1.5 180) (size 0.24 0.6) (layers F.Cu F.Paste F.Mask)
      (net 21 "Net-(R11-Pad2)"))
    (pad 4 smd oval (at -1.5 0.75 270) (size 0.24 0.6) (layers F.Cu F.Paste F.Mask)
      (net 25 /PWRGD))
    (pad 3 smd oval (at -1.5 0.25 270) (size 0.24 0.6) (layers F.Cu F.Paste F.Mask)
      (net 11 /SW))
    (pad 2 smd oval (at -1.5 -0.25 270) (size 0.24 0.6) (layers F.Cu F.Paste F.Mask)
      (net 11 /SW))
    (pad 1 smd oval (at -1.5 -0.75 270) (size 0.24 0.6) (layers F.Cu F.Paste F.Mask)
      (net 11 /SW))
  )

  (module Capacitor_SMD:C_0603_1608Metric (layer B.Cu) (tedit 5B301BBE) (tstamp 5B4824D4)
    (at 135.5 83.25 90)
    (descr "Capacitor SMD 0603 (1608 Metric), square (rectangular) end terminal, IPC_7351 nominal, (Body size source: http://www.tortai-tech.com/upload/download/2011102023233369053.pdf), generated with kicad-footprint-generator")
    (tags capacitor)
    (path /5B4461FC)
    (attr smd)
    (fp_text reference C16 (at 2 0 180) (layer B.SilkS)
      (effects (font (size 0.8 0.8) (thickness 0.12)) (justify mirror))
    )
    (fp_text value 10n (at 0 -1.43 90) (layer B.Fab)
      (effects (font (size 1 1) (thickness 0.15)) (justify mirror))
    )
    (fp_line (start 1.48 -0.73) (end -1.48 -0.73) (layer B.CrtYd) (width 0.05))
    (fp_line (start 1.48 0.73) (end 1.48 -0.73) (layer B.CrtYd) (width 0.05))
    (fp_line (start -1.48 0.73) (end 1.48 0.73) (layer B.CrtYd) (width 0.05))
    (fp_line (start -1.48 -0.73) (end -1.48 0.73) (layer B.CrtYd) (width 0.05))
    (fp_line (start -0.162779 -0.51) (end 0.162779 -0.51) (layer B.SilkS) (width 0.12))
    (fp_line (start -0.162779 0.51) (end 0.162779 0.51) (layer B.SilkS) (width 0.12))
    (fp_line (start 0.8 -0.4) (end -0.8 -0.4) (layer B.Fab) (width 0.1))
    (fp_line (start 0.8 0.4) (end 0.8 -0.4) (layer B.Fab) (width 0.1))
    (fp_line (start -0.8 0.4) (end 0.8 0.4) (layer B.Fab) (width 0.1))
    (fp_line (start -0.8 -0.4) (end -0.8 0.4) (layer B.Fab) (width 0.1))
    (fp_text user %R (at 0 0 90) (layer B.Fab)
      (effects (font (size 0.4 0.4) (thickness 0.06)) (justify mirror))
    )
    (pad 1 smd roundrect (at -0.7875 0 90) (size 0.875 0.95) (layers B.Cu B.Paste B.Mask) (roundrect_rratio 0.25)
      (net 29 /ISENSE_BUFD))
    (pad 2 smd roundrect (at 0.7875 0 90) (size 0.875 0.95) (layers B.Cu B.Paste B.Mask) (roundrect_rratio 0.25)
      (net 4 GND))
    (model ${KISYS3DMOD}/Capacitor_SMD.3dshapes/C_0603_1608Metric.wrl
      (at (xyz 0 0 0))
      (scale (xyz 1 1 1))
      (rotate (xyz 0 0 0))
    )
  )

  (module Capacitor_SMD:C_0603_1608Metric (layer F.Cu) (tedit 5B301BBE) (tstamp 5B4815BC)
    (at 137 93)
    (descr "Capacitor SMD 0603 (1608 Metric), square (rectangular) end terminal, IPC_7351 nominal, (Body size source: http://www.tortai-tech.com/upload/download/2011102023233369053.pdf), generated with kicad-footprint-generator")
    (tags capacitor)
    (path /5B442D62)
    (attr smd)
    (fp_text reference C15 (at 2.5 0) (layer F.SilkS)
      (effects (font (size 0.8 0.8) (thickness 0.12)))
    )
    (fp_text value 10n (at 0 1.43) (layer F.Fab)
      (effects (font (size 1 1) (thickness 0.15)))
    )
    (fp_line (start 1.48 0.73) (end -1.48 0.73) (layer F.CrtYd) (width 0.05))
    (fp_line (start 1.48 -0.73) (end 1.48 0.73) (layer F.CrtYd) (width 0.05))
    (fp_line (start -1.48 -0.73) (end 1.48 -0.73) (layer F.CrtYd) (width 0.05))
    (fp_line (start -1.48 0.73) (end -1.48 -0.73) (layer F.CrtYd) (width 0.05))
    (fp_line (start -0.162779 0.51) (end 0.162779 0.51) (layer F.SilkS) (width 0.12))
    (fp_line (start -0.162779 -0.51) (end 0.162779 -0.51) (layer F.SilkS) (width 0.12))
    (fp_line (start 0.8 0.4) (end -0.8 0.4) (layer F.Fab) (width 0.1))
    (fp_line (start 0.8 -0.4) (end 0.8 0.4) (layer F.Fab) (width 0.1))
    (fp_line (start -0.8 -0.4) (end 0.8 -0.4) (layer F.Fab) (width 0.1))
    (fp_line (start -0.8 0.4) (end -0.8 -0.4) (layer F.Fab) (width 0.1))
    (fp_text user %R (at 0 0) (layer F.Fab)
      (effects (font (size 0.4 0.4) (thickness 0.06)))
    )
    (pad 1 smd roundrect (at -0.7875 0) (size 0.875 0.95) (layers F.Cu F.Paste F.Mask) (roundrect_rratio 0.25)
      (net 22 /VBAT))
    (pad 2 smd roundrect (at 0.7875 0) (size 0.875 0.95) (layers F.Cu F.Paste F.Mask) (roundrect_rratio 0.25)
      (net 4 GND))
    (model ${KISYS3DMOD}/Capacitor_SMD.3dshapes/C_0603_1608Metric.wrl
      (at (xyz 0 0 0))
      (scale (xyz 1 1 1))
      (rotate (xyz 0 0 0))
    )
  )

  (module Resistor_SMD:R_0603_1608Metric (layer F.Cu) (tedit 5B301BBD) (tstamp 5B47DBBE)
    (at 137 91.5 180)
    (descr "Resistor SMD 0603 (1608 Metric), square (rectangular) end terminal, IPC_7351 nominal, (Body size source: http://www.tortai-tech.com/upload/download/2011102023233369053.pdf), generated with kicad-footprint-generator")
    (tags resistor)
    (path /5B4257E6)
    (attr smd)
    (fp_text reference R2 (at 0 1 180) (layer F.SilkS)
      (effects (font (size 0.8 0.8) (thickness 0.12)))
    )
    (fp_text value 10k (at 0 1.43 180) (layer F.Fab)
      (effects (font (size 1 1) (thickness 0.15)))
    )
    (fp_line (start -0.8 0.4) (end -0.8 -0.4) (layer F.Fab) (width 0.1))
    (fp_line (start -0.8 -0.4) (end 0.8 -0.4) (layer F.Fab) (width 0.1))
    (fp_line (start 0.8 -0.4) (end 0.8 0.4) (layer F.Fab) (width 0.1))
    (fp_line (start 0.8 0.4) (end -0.8 0.4) (layer F.Fab) (width 0.1))
    (fp_line (start -0.162779 -0.51) (end 0.162779 -0.51) (layer F.SilkS) (width 0.12))
    (fp_line (start -0.162779 0.51) (end 0.162779 0.51) (layer F.SilkS) (width 0.12))
    (fp_line (start -1.48 0.73) (end -1.48 -0.73) (layer F.CrtYd) (width 0.05))
    (fp_line (start -1.48 -0.73) (end 1.48 -0.73) (layer F.CrtYd) (width 0.05))
    (fp_line (start 1.48 -0.73) (end 1.48 0.73) (layer F.CrtYd) (width 0.05))
    (fp_line (start 1.48 0.73) (end -1.48 0.73) (layer F.CrtYd) (width 0.05))
    (fp_text user %R (at 0 0 180) (layer F.Fab)
      (effects (font (size 0.4 0.4) (thickness 0.06)))
    )
    (pad 2 smd roundrect (at 0.7875 0 180) (size 0.875 0.95) (layers F.Cu F.Paste F.Mask) (roundrect_rratio 0.25)
      (net 22 /VBAT))
    (pad 1 smd roundrect (at -0.7875 0 180) (size 0.875 0.95) (layers F.Cu F.Paste F.Mask) (roundrect_rratio 0.25)
      (net 4 GND))
    (model ${KISYS3DMOD}/Resistor_SMD.3dshapes/R_0603_1608Metric.wrl
      (at (xyz 0 0 0))
      (scale (xyz 1 1 1))
      (rotate (xyz 0 0 0))
    )
  )

  (module Resistor_SMD:R_0603_1608Metric (layer F.Cu) (tedit 5B37DE82) (tstamp 5B47DBAD)
    (at 134.25 92.2125 90)
    (descr "Resistor SMD 0603 (1608 Metric), square (rectangular) end terminal, IPC_7351 nominal, (Body size source: http://www.tortai-tech.com/upload/download/2011102023233369053.pdf), generated with kicad-footprint-generator")
    (tags resistor)
    (path /5B425754)
    (attr smd)
    (fp_text reference R1 (at 2.2125 0 90) (layer F.SilkS)
      (effects (font (size 0.8 0.8) (thickness 0.12)))
    )
    (fp_text value 47k (at 0 1.43 90) (layer F.Fab)
      (effects (font (size 1 1) (thickness 0.15)))
    )
    (fp_line (start 1.48 0.73) (end -1.48 0.73) (layer F.CrtYd) (width 0.05))
    (fp_line (start 1.48 -0.73) (end 1.48 0.73) (layer F.CrtYd) (width 0.05))
    (fp_line (start -1.48 -0.73) (end 1.48 -0.73) (layer F.CrtYd) (width 0.05))
    (fp_line (start -1.48 0.73) (end -1.48 -0.73) (layer F.CrtYd) (width 0.05))
    (fp_line (start -0.162779 0.51) (end 0.162779 0.51) (layer F.SilkS) (width 0.12))
    (fp_line (start -0.162779 -0.51) (end 0.162779 -0.51) (layer F.SilkS) (width 0.12))
    (fp_line (start 0.8 0.4) (end -0.8 0.4) (layer F.Fab) (width 0.1))
    (fp_line (start 0.8 -0.4) (end 0.8 0.4) (layer F.Fab) (width 0.1))
    (fp_line (start -0.8 -0.4) (end 0.8 -0.4) (layer F.Fab) (width 0.1))
    (fp_line (start -0.8 0.4) (end -0.8 -0.4) (layer F.Fab) (width 0.1))
    (fp_text user %R (at 0 0 90) (layer F.Fab)
      (effects (font (size 0.4 0.4) (thickness 0.06)))
    )
    (pad 1 smd roundrect (at -0.7875 0 90) (size 0.875 0.95) (layers F.Cu F.Paste F.Mask) (roundrect_rratio 0.25)
      (net 22 /VBAT))
    (pad 2 smd roundrect (at 0.7875 0 90) (size 0.875 0.95) (layers F.Cu F.Paste F.Mask) (roundrect_rratio 0.25)
      (net 6 /VIN))
    (model ${KISYS3DMOD}/Resistor_SMD.3dshapes/R_0603_1608Metric.wrl
      (at (xyz 0 0 0))
      (scale (xyz 1 1 1))
      (rotate (xyz 0 0 0))
    )
  )

  (module Capacitor_SMD:C_0603_1608Metric (layer F.Cu) (tedit 5B301BBE) (tstamp 5B479BCB)
    (at 129.75 87.5 180)
    (descr "Capacitor SMD 0603 (1608 Metric), square (rectangular) end terminal, IPC_7351 nominal, (Body size source: http://www.tortai-tech.com/upload/download/2011102023233369053.pdf), generated with kicad-footprint-generator")
    (tags capacitor)
    (path /5B41EEBB)
    (attr smd)
    (fp_text reference C4 (at 0 1.25 180) (layer F.SilkS)
      (effects (font (size 0.8 0.8) (thickness 0.12)))
    )
    (fp_text value 4.7u (at 0 1.43 180) (layer F.Fab)
      (effects (font (size 1 1) (thickness 0.15)))
    )
    (fp_line (start 1.48 0.73) (end -1.48 0.73) (layer F.CrtYd) (width 0.05))
    (fp_line (start 1.48 -0.73) (end 1.48 0.73) (layer F.CrtYd) (width 0.05))
    (fp_line (start -1.48 -0.73) (end 1.48 -0.73) (layer F.CrtYd) (width 0.05))
    (fp_line (start -1.48 0.73) (end -1.48 -0.73) (layer F.CrtYd) (width 0.05))
    (fp_line (start -0.162779 0.51) (end 0.162779 0.51) (layer F.SilkS) (width 0.12))
    (fp_line (start -0.162779 -0.51) (end 0.162779 -0.51) (layer F.SilkS) (width 0.12))
    (fp_line (start 0.8 0.4) (end -0.8 0.4) (layer F.Fab) (width 0.1))
    (fp_line (start 0.8 -0.4) (end 0.8 0.4) (layer F.Fab) (width 0.1))
    (fp_line (start -0.8 -0.4) (end 0.8 -0.4) (layer F.Fab) (width 0.1))
    (fp_line (start -0.8 0.4) (end -0.8 -0.4) (layer F.Fab) (width 0.1))
    (fp_text user %R (at 0 0 180) (layer F.Fab)
      (effects (font (size 0.4 0.4) (thickness 0.06)))
    )
    (pad 1 smd roundrect (at -0.7875 0 180) (size 0.875 0.95) (layers F.Cu F.Paste F.Mask) (roundrect_rratio 0.25)
      (net 6 /VIN))
    (pad 2 smd roundrect (at 0.7875 0 180) (size 0.875 0.95) (layers F.Cu F.Paste F.Mask) (roundrect_rratio 0.25)
      (net 4 GND))
    (model ${KISYS3DMOD}/Capacitor_SMD.3dshapes/C_0603_1608Metric.wrl
      (at (xyz 0 0 0))
      (scale (xyz 1 1 1))
      (rotate (xyz 0 0 0))
    )
  )

  (module Capacitor_SMD:C_0603_1608Metric (layer B.Cu) (tedit 5B301BBE) (tstamp 5B478B34)
    (at 129.25 90 270)
    (descr "Capacitor SMD 0603 (1608 Metric), square (rectangular) end terminal, IPC_7351 nominal, (Body size source: http://www.tortai-tech.com/upload/download/2011102023233369053.pdf), generated with kicad-footprint-generator")
    (tags capacitor)
    (path /5B41C399)
    (attr smd)
    (fp_text reference C11 (at -0.5 -1.25 270) (layer B.SilkS)
      (effects (font (size 0.8 0.8) (thickness 0.12)) (justify mirror))
    )
    (fp_text value 100n (at 0 -1.43 270) (layer B.Fab)
      (effects (font (size 1 1) (thickness 0.15)) (justify mirror))
    )
    (fp_line (start -0.8 -0.4) (end -0.8 0.4) (layer B.Fab) (width 0.1))
    (fp_line (start -0.8 0.4) (end 0.8 0.4) (layer B.Fab) (width 0.1))
    (fp_line (start 0.8 0.4) (end 0.8 -0.4) (layer B.Fab) (width 0.1))
    (fp_line (start 0.8 -0.4) (end -0.8 -0.4) (layer B.Fab) (width 0.1))
    (fp_line (start -0.162779 0.51) (end 0.162779 0.51) (layer B.SilkS) (width 0.12))
    (fp_line (start -0.162779 -0.51) (end 0.162779 -0.51) (layer B.SilkS) (width 0.12))
    (fp_line (start -1.48 -0.73) (end -1.48 0.73) (layer B.CrtYd) (width 0.05))
    (fp_line (start -1.48 0.73) (end 1.48 0.73) (layer B.CrtYd) (width 0.05))
    (fp_line (start 1.48 0.73) (end 1.48 -0.73) (layer B.CrtYd) (width 0.05))
    (fp_line (start 1.48 -0.73) (end -1.48 -0.73) (layer B.CrtYd) (width 0.05))
    (fp_text user %R (at 0 0 270) (layer B.Fab)
      (effects (font (size 0.4 0.4) (thickness 0.06)) (justify mirror))
    )
    (pad 2 smd roundrect (at 0.7875 0 270) (size 0.875 0.95) (layers B.Cu B.Paste B.Mask) (roundrect_rratio 0.25)
      (net 4 GND))
    (pad 1 smd roundrect (at -0.7875 0 270) (size 0.875 0.95) (layers B.Cu B.Paste B.Mask) (roundrect_rratio 0.25)
      (net 7 +3V3))
    (model ${KISYS3DMOD}/Capacitor_SMD.3dshapes/C_0603_1608Metric.wrl
      (at (xyz 0 0 0))
      (scale (xyz 1 1 1))
      (rotate (xyz 0 0 0))
    )
  )

  (module Capacitor_SMD:C_0603_1608Metric (layer B.Cu) (tedit 5B301BBE) (tstamp 5B4779BD)
    (at 132.25 83.25 270)
    (descr "Capacitor SMD 0603 (1608 Metric), square (rectangular) end terminal, IPC_7351 nominal, (Body size source: http://www.tortai-tech.com/upload/download/2011102023233369053.pdf), generated with kicad-footprint-generator")
    (tags capacitor)
    (path /5B40E092)
    (attr smd)
    (fp_text reference C6 (at -2.25 0 270) (layer B.SilkS)
      (effects (font (size 0.8 0.8) (thickness 0.12)) (justify mirror))
    )
    (fp_text value 4.7n (at 0 -1.43 270) (layer B.Fab)
      (effects (font (size 1 1) (thickness 0.15)) (justify mirror))
    )
    (fp_line (start 1.48 -0.73) (end -1.48 -0.73) (layer B.CrtYd) (width 0.05))
    (fp_line (start 1.48 0.73) (end 1.48 -0.73) (layer B.CrtYd) (width 0.05))
    (fp_line (start -1.48 0.73) (end 1.48 0.73) (layer B.CrtYd) (width 0.05))
    (fp_line (start -1.48 -0.73) (end -1.48 0.73) (layer B.CrtYd) (width 0.05))
    (fp_line (start -0.162779 -0.51) (end 0.162779 -0.51) (layer B.SilkS) (width 0.12))
    (fp_line (start -0.162779 0.51) (end 0.162779 0.51) (layer B.SilkS) (width 0.12))
    (fp_line (start 0.8 -0.4) (end -0.8 -0.4) (layer B.Fab) (width 0.1))
    (fp_line (start 0.8 0.4) (end 0.8 -0.4) (layer B.Fab) (width 0.1))
    (fp_line (start -0.8 0.4) (end 0.8 0.4) (layer B.Fab) (width 0.1))
    (fp_line (start -0.8 -0.4) (end -0.8 0.4) (layer B.Fab) (width 0.1))
    (fp_text user %R (at 0 0 270) (layer B.Fab)
      (effects (font (size 0.4 0.4) (thickness 0.06)) (justify mirror))
    )
    (pad 1 smd roundrect (at -0.7875 0 270) (size 0.875 0.95) (layers B.Cu B.Paste B.Mask) (roundrect_rratio 0.25)
      (net 14 "Net-(C6-Pad1)"))
    (pad 2 smd roundrect (at 0.7875 0 270) (size 0.875 0.95) (layers B.Cu B.Paste B.Mask) (roundrect_rratio 0.25)
      (net 29 /ISENSE_BUFD))
    (model ${KISYS3DMOD}/Capacitor_SMD.3dshapes/C_0603_1608Metric.wrl
      (at (xyz 0 0 0))
      (scale (xyz 1 1 1))
      (rotate (xyz 0 0 0))
    )
  )

  (module Capacitor_Tantalum_SMD:CP_EIA-7343-15_Kemet-W (layer F.Cu) (tedit 5B301BBE) (tstamp 5B475E30)
    (at 138.3625 87 180)
    (descr "Tantalum Capacitor SMD Kemet-W (7343-15 Metric), IPC_7351 nominal, (Body size from: http://www.kemet.com/Lists/ProductCatalog/Attachments/253/KEM_TC101_STD.pdf), generated with kicad-footprint-generator")
    (tags "capacitor tantalum")
    (path /5B36B3CD)
    (attr smd)
    (fp_text reference C14 (at -5 1.25 270) (layer F.SilkS)
      (effects (font (size 0.8 0.8) (thickness 0.12)))
    )
    (fp_text value 22u (at 0 3.1 180) (layer F.Fab)
      (effects (font (size 1 1) (thickness 0.15)))
    )
    (fp_line (start 4.4 2.4) (end -4.4 2.4) (layer F.CrtYd) (width 0.05))
    (fp_line (start 4.4 -2.4) (end 4.4 2.4) (layer F.CrtYd) (width 0.05))
    (fp_line (start -4.4 -2.4) (end 4.4 -2.4) (layer F.CrtYd) (width 0.05))
    (fp_line (start -4.4 2.4) (end -4.4 -2.4) (layer F.CrtYd) (width 0.05))
    (fp_line (start -4.41 2.26) (end 3.65 2.26) (layer F.SilkS) (width 0.12))
    (fp_line (start -4.41 -2.26) (end -4.41 2.26) (layer F.SilkS) (width 0.12))
    (fp_line (start 3.65 -2.26) (end -4.41 -2.26) (layer F.SilkS) (width 0.12))
    (fp_line (start 3.65 2.15) (end 3.65 -2.15) (layer F.Fab) (width 0.1))
    (fp_line (start -3.65 2.15) (end 3.65 2.15) (layer F.Fab) (width 0.1))
    (fp_line (start -3.65 -1.15) (end -3.65 2.15) (layer F.Fab) (width 0.1))
    (fp_line (start -2.65 -2.15) (end -3.65 -1.15) (layer F.Fab) (width 0.1))
    (fp_line (start 3.65 -2.15) (end -2.65 -2.15) (layer F.Fab) (width 0.1))
    (fp_text user %R (at 0 0 180) (layer F.Fab)
      (effects (font (size 1 1) (thickness 0.15)))
    )
    (pad 1 smd roundrect (at -3.1125 0 180) (size 2.075 2.55) (layers F.Cu F.Paste F.Mask) (roundrect_rratio 0.120482)
      (net 10 /LED_P))
    (pad 2 smd roundrect (at 3.1125 0 180) (size 2.075 2.55) (layers F.Cu F.Paste F.Mask) (roundrect_rratio 0.120482)
      (net 4 GND))
    (model ${KISYS3DMOD}/Capacitor_Tantalum_SMD.3dshapes/CP_EIA-7343-15_Kemet-W.wrl
      (at (xyz 0 0 0))
      (scale (xyz 1 1 1))
      (rotate (xyz 0 0 0))
    )
  )

  (module Inductor_SMD:L_7.3x7.3_H4.5 (layer F.Cu) (tedit 5990349C) (tstamp 5B474DCD)
    (at 140.25 80.25 270)
    (descr "Choke, SMD, 7.3x7.3mm 4.5mm height")
    (tags "Choke SMD")
    (path /5B36ADF2)
    (attr smd)
    (fp_text reference L1 (at -2 -4.45 270) (layer F.SilkS)
      (effects (font (size 0.8 0.8) (thickness 0.12)))
    )
    (fp_text value 2.2u (at 0 4.45 270) (layer F.Fab)
      (effects (font (size 1 1) (thickness 0.15)))
    )
    (fp_line (start -3.65 -3.65) (end 3.65 -3.65) (layer F.Fab) (width 0.1))
    (fp_line (start 3.65 3.65) (end -3.65 3.65) (layer F.Fab) (width 0.1))
    (fp_line (start -3.65 -3.65) (end -3.65 -1.4) (layer F.Fab) (width 0.1))
    (fp_line (start -3.65 3.65) (end -3.65 1.4) (layer F.Fab) (width 0.1))
    (fp_line (start 3.65 -3.65) (end 3.65 -1.4) (layer F.Fab) (width 0.1))
    (fp_line (start 3.65 3.65) (end 3.65 1.4) (layer F.Fab) (width 0.1))
    (fp_line (start 4.2 -3.9) (end -4.2 -3.9) (layer F.CrtYd) (width 0.05))
    (fp_line (start 4.2 3.9) (end 4.2 -3.9) (layer F.CrtYd) (width 0.05))
    (fp_line (start -4.2 3.9) (end 4.2 3.9) (layer F.CrtYd) (width 0.05))
    (fp_line (start -4.2 -3.9) (end -4.2 3.9) (layer F.CrtYd) (width 0.05))
    (fp_line (start 3.7 -3.7) (end 3.7 -1.4) (layer F.SilkS) (width 0.12))
    (fp_line (start -3.7 -3.7) (end 3.7 -3.7) (layer F.SilkS) (width 0.12))
    (fp_line (start -3.7 -1.4) (end -3.7 -3.7) (layer F.SilkS) (width 0.12))
    (fp_line (start -3.7 3.7) (end -3.7 1.4) (layer F.SilkS) (width 0.12))
    (fp_line (start 3.7 3.7) (end -3.7 3.7) (layer F.SilkS) (width 0.12))
    (fp_line (start 3.7 1.4) (end 3.7 3.7) (layer F.SilkS) (width 0.12))
    (fp_text user %R (at 0 0 270) (layer F.Fab)
      (effects (font (size 1 1) (thickness 0.15)))
    )
    (fp_arc (start 0 0) (end 2.29 2.29) (angle 90) (layer F.Fab) (width 0.1))
    (fp_arc (start 0 0) (end -2.29 -2.29) (angle 90) (layer F.Fab) (width 0.1))
    (pad 1 smd rect (at -3.2 0 270) (size 1.5 2.2) (layers F.Cu F.Paste F.Mask)
      (net 11 /SW))
    (pad 2 smd rect (at 3.2 0 270) (size 1.5 2.2) (layers F.Cu F.Paste F.Mask)
      (net 10 /LED_P))
    (model ${KISYS3DMOD}/Inductor_SMD.3dshapes/L_7.3x7.3_H4.5.wrl
      (at (xyz 0 0 0))
      (scale (xyz 1 1 1))
      (rotate (xyz 0 0 0))
    )
  )

  (module Connector_Wire:SolderWirePad_1x01_Drill1mm (layer F.Cu) (tedit 5AEE5EBE) (tstamp 5B44AC52)
    (at 126.25 88)
    (descr "Wire solder connection")
    (tags connector)
    (path /5B3D0753)
    (attr virtual)
    (fp_text reference J5 (at 1.75 -1) (layer F.SilkS)
      (effects (font (size 0.8 0.8) (thickness 0.12)))
    )
    (fp_text value Conn_01x01_Female (at 0 3.175) (layer F.Fab)
      (effects (font (size 1 1) (thickness 0.15)))
    )
    (fp_line (start 1.75 1.75) (end -1.75 1.75) (layer F.CrtYd) (width 0.05))
    (fp_line (start 1.75 1.75) (end 1.75 -1.75) (layer F.CrtYd) (width 0.05))
    (fp_line (start -1.75 -1.75) (end -1.75 1.75) (layer F.CrtYd) (width 0.05))
    (fp_line (start -1.75 -1.75) (end 1.75 -1.75) (layer F.CrtYd) (width 0.05))
    (fp_text user %R (at 0 0) (layer F.Fab)
      (effects (font (size 1 1) (thickness 0.15)))
    )
    (pad 1 thru_hole circle (at 0 0) (size 2.49936 2.49936) (drill 1.3) (layers *.Cu *.Mask)
      (net 4 GND))
  )

  (module Resistor_SMD:R_0603_1608Metric (layer B.Cu) (tedit 5B301BBD) (tstamp 5B43CE14)
    (at 133.75 83.25 270)
    (descr "Resistor SMD 0603 (1608 Metric), square (rectangular) end terminal, IPC_7351 nominal, (Body size source: http://www.tortai-tech.com/upload/download/2011102023233369053.pdf), generated with kicad-footprint-generator")
    (tags resistor)
    (path /5B3A8579)
    (attr smd)
    (fp_text reference R5 (at -2.25 0 90) (layer B.SilkS)
      (effects (font (size 0.8 0.8) (thickness 0.12)) (justify mirror))
    )
    (fp_text value 100k (at 0 -1.43 270) (layer B.Fab)
      (effects (font (size 1 1) (thickness 0.15)) (justify mirror))
    )
    (fp_line (start -0.8 -0.4) (end -0.8 0.4) (layer B.Fab) (width 0.1))
    (fp_line (start -0.8 0.4) (end 0.8 0.4) (layer B.Fab) (width 0.1))
    (fp_line (start 0.8 0.4) (end 0.8 -0.4) (layer B.Fab) (width 0.1))
    (fp_line (start 0.8 -0.4) (end -0.8 -0.4) (layer B.Fab) (width 0.1))
    (fp_line (start -0.162779 0.51) (end 0.162779 0.51) (layer B.SilkS) (width 0.12))
    (fp_line (start -0.162779 -0.51) (end 0.162779 -0.51) (layer B.SilkS) (width 0.12))
    (fp_line (start -1.48 -0.73) (end -1.48 0.73) (layer B.CrtYd) (width 0.05))
    (fp_line (start -1.48 0.73) (end 1.48 0.73) (layer B.CrtYd) (width 0.05))
    (fp_line (start 1.48 0.73) (end 1.48 -0.73) (layer B.CrtYd) (width 0.05))
    (fp_line (start 1.48 -0.73) (end -1.48 -0.73) (layer B.CrtYd) (width 0.05))
    (fp_text user %R (at 0 0 270) (layer B.Fab)
      (effects (font (size 0.4 0.4) (thickness 0.06)) (justify mirror))
    )
    (pad 2 smd roundrect (at 0.7875 0 270) (size 0.875 0.95) (layers B.Cu B.Paste B.Mask) (roundrect_rratio 0.25)
      (net 29 /ISENSE_BUFD))
    (pad 1 smd roundrect (at -0.7875 0 270) (size 0.875 0.95) (layers B.Cu B.Paste B.Mask) (roundrect_rratio 0.25)
      (net 14 "Net-(C6-Pad1)"))
    (model ${KISYS3DMOD}/Resistor_SMD.3dshapes/R_0603_1608Metric.wrl
      (at (xyz 0 0 0))
      (scale (xyz 1 1 1))
      (rotate (xyz 0 0 0))
    )
  )

  (module Capacitor_Tantalum_SMD:CP_EIA-3528-12_Kemet-T (layer F.Cu) (tedit 5B342532) (tstamp 5B44D030)
    (at 127 81 180)
    (descr "Tantalum Capacitor SMD Kemet-T (3528-12 Metric), IPC_7351 nominal, (Body size from: http://www.kemet.com/Lists/ProductCatalog/Attachments/253/KEM_TC101_STD.pdf), generated with kicad-footprint-generator")
    (tags "capacitor tantalum")
    (path /5B3706D2)
    (attr smd)
    (fp_text reference C8 (at 2.25 -1.75 180) (layer F.SilkS)
      (effects (font (size 0.8 0.8) (thickness 0.12)))
    )
    (fp_text value 10u (at 0 2.35 180) (layer F.Fab)
      (effects (font (size 1 1) (thickness 0.15)))
    )
    (fp_line (start 2.45 1.65) (end -2.45 1.65) (layer F.CrtYd) (width 0.05))
    (fp_line (start 2.45 -1.65) (end 2.45 1.65) (layer F.CrtYd) (width 0.05))
    (fp_line (start -2.45 -1.65) (end 2.45 -1.65) (layer F.CrtYd) (width 0.05))
    (fp_line (start -2.45 1.65) (end -2.45 -1.65) (layer F.CrtYd) (width 0.05))
